;Exported by:	 Carlos
;Date:			 04.08.2018 11:45:51
;File:			 T:\GoH_3D_environment_export\3d_environment\_military\fortifications\sandbags_new\smart_set\sandbag_heap_straight.max
{skeleton
	{bone "basis"
		{orientation
			-1 	 0 	 0
			0 	 1 	 0
			0 	 0 	 1
		}
		{bone "piece01"
			{parameters "id=body;"}
			{Position -4.0559 	 -26.9635 	 21.4966}
			{VolumeView "piece01.ply"}
		}
		{bone "piece02"
			{parameters "id=body;"}
			{matrix34
				0.6464 	 -0.763 	 0
				0.763 	 0.6464 	 0
				0 	 0 	 1
				0.3251 	 -29.7026 	 12.2603
			}
			{VolumeView "piece02.ply"}
		}
		{bone "piece03"
			{parameters "id=body;"}
			{Position -1.4886 	 -9.7682 	 11.6679}
			{VolumeView "piece03.ply"}
		}
		{bone "piece04"
			{parameters "id=body;"}
			{matrix34
				0.22 	 0.9755 	 0
				-0.9755 	 0.22 	 0
				0 	 0 	 1
				-1.716 	 -19.1698 	 4.4246
			}
			{VolumeView "piece04.ply"}
		}
		{bone "piece05"
			{parameters "id=body;"}
			{Position -3.6949 	 22.005 	 9.3322}
			{VolumeView "piece05.ply"}
		}
		{bone "piece06"
			{parameters "id=body;"}
			{Position -5.4289 	 25.3129 	 16.0955}
			{VolumeView "piece06.ply"}
		}
		{bone "piece07"
			{parameters "id=body;"}
			{Position -6.6206 	 34.4674 	 4.3748}
			{VolumeView "piece07.ply"}
		}
		{bone "piece08"
			{parameters "id=body;"}
			{matrix34
				-0.0972 	 -0.9953 	 0
				0.9953 	 -0.0972 	 0
				0 	 0 	 1
				-0.8946 	 6.4746 	 15.0828
			}
			{VolumeView "piece08.ply"}
		}
		{bone "piece09"
			{parameters "id=body;"}
			{matrix34
				0.1402 	 -0.9901 	 0
				0.9901 	 0.1402 	 0
				0 	 0 	 1
				-2.1274 	 -34.2684 	 3.9185
			}
			{VolumeView "piece09.ply"}
		}
		{bone "piece10"
			{parameters "id=body;"}
			{Position 0.8377 	 -13.6523 	 19.2764}
			{VolumeView "piece10.ply"}
		}
		{bone "piece11"
			{parameters "id=body;"}
			{Position -4.2235 	 6.0898 	 21.7388}
			{VolumeView "piece11.ply"}
		}
		{bone "piece12"
			{parameters "id=body;"}
			{matrix34
				0.2768 	 -0.9609 	 0
				0.9609 	 0.2768 	 0
				0 	 0 	 1
				-4.4943 	 1.3625 	 4.9852
			}
			{VolumeView "piece12.ply"}
		}
		{bone "helpers"
			{Position -0.9791 	 6.914 	 2.3675}
			{bone "fx_sandbag1"
				{Position 1.3886 	 -34.8137 	 0}
			}
			{bone "fx_sandbag2"
				{Position 0.506 	 -7.5597 	 0}
			}
			{bone "fx_sandbag3"
				{Position -3.6946 	 18.8043 	 0}
			}
		}
	}
}
{volume "piece01"
	{box 15.3372 5.64859 10.5512}
	{bone "piece01"}
	{matrix34
		-0.3998 	 -0.7644 	 -0.5057
		-0.2744 	 -0.4266 	 0.8618
		-0.8745 	 0.4834 	 -0.0392
		-0.0118 	 -0.6083 	 -0.9518
	}
}
{volume "piece02"
	{box 16.6709 4.37875 10.5512}
	{bone "piece02"}
	{matrix34
		-0.3526 	 -0.9323 	 -0.0802
		-0.0397 	 -0.0707 	 0.9967
		-0.9349 	 0.3546 	 -0.0121
		-0.1663 	 0.0764 	 -0.2555
	}
}
{volume "piece03"
	{box 16.6709 4.37875 10.5512}
	{bone "piece03"}
	{matrix34
		-0.0511 	 -0.9987 	 0
		0 	 0 	 1
		-0.9987 	 0.0511 	 0
		0.329 	 0.4097 	 -0.5844
	}
}
{volume "piece04"
	{box 19.7419 5.19033 11.5442}
	{bone "piece04"}
	{matrix34
		-0.0511 	 -0.9987 	 0
		0 	 0 	 1
		-0.9987 	 0.0511 	 0
		0.2307 	 0.1733 	 0.0579
	}
}
{volume "piece05"
	{box 19.3032 5.24276 10.6753}
	{bone "piece05"}
	{matrix34
		0.0647 	 -0.9979 	 0
		0 	 0 	 1
		-0.9979 	 -0.0647 	 0
		0.2589 	 -0.445 	 -0.0952
	}
}
{volume "piece06"
	{box 16.6709 4.37875 10.5512}
	{bone "piece06"}
	{matrix34
		0.2113 	 -0.8533 	 0.4767
		-0.1415 	 0.4559 	 0.8787
		-0.9671 	 -0.2532 	 -0.0244
		0.5653 	 -0.2319 	 -0.2433
	}
}
{volume "piece07"
	{box 16.6709 4.68527 10.5512}
	{bone "piece07"}
	{matrix34
		0.9595 	 -0.2817 	 0
		0 	 0 	 1
		-0.2817 	 -0.9595 	 0
		0.7933 	 -0.1007 	 0.1167
	}
}
{volume "piece08"
	{box 16.6709 4.37875 10.5512}
	{bone "piece08"}
	{matrix34
		-0.0511 	 -0.9987 	 0
		0 	 0 	 1
		-0.9987 	 0.0511 	 0
		0.3313 	 0.1557 	 0.179
	}
}
{volume "piece09"
	{box 19.7419 5.19033 11.5442}
	{bone "piece09"}
	{matrix34
		-0.3399 	 -0.9405 	 0
		0 	 0 	 1
		-0.9405 	 0.3399 	 0
		0.6928 	 -0.119 	 -0.0985
	}
}
{volume "piece11"
	{box 16.6709 4.37875 10.5512}
	{bone "piece11"}
	{matrix34
		-0.0511 	 -0.9987 	 0
		0 	 0 	 1
		-0.9987 	 0.0511 	 0
		0.9506 	 -0.9513 	 0.0951
	}
}
{volume "piece12"
	{box 21.9354 5.24276 12.4131}
	{bone "piece12"}
	{matrix34
		0.0647 	 -0.9979 	 0
		0 	 0 	 1
		-0.9979 	 -0.0647 	 0
		-0.5612 	 1.1438 	 -0.187
	}
}
{volume "piece_10"
	{box 16.6709 4.37875 10.5512}
	{bone "piece10"}
	{matrix34
		0.0618 	 -0.9981 	 0
		0 	 0 	 1
		-0.9981 	 -0.0618 	 0
		-0.9023 	 0.2202 	 0.2157
	}
}
