;Exported by:	 Carlos
;Date:			 04.08.2018 11:57:51
;File:			 T:\GoH_3D_environment_export\3d_environment\_military\fortifications\sandbags_new\smart_set\sandbag_heap_curve.max
{skeleton
	{bone "basis"
		{orientation
			0 	 -1 	 0
			-1 	 0 	 0
			0 	 0 	 1
		}
		{bone "piece01"
			{parameters "id=body;"}
			{matrix34
				0.9979 	 -0.0654 	 0
				0.0654 	 0.9979 	 0
				0 	 0 	 1
				11.0928 	 -21.1783 	 18.935
			}
			{VolumeView "piece01.ply"}
		}
		{bone "piece02"
			{parameters "id=body;"}
			{matrix34
				0.9874 	 -0.1584 	 0
				0.1584 	 0.9874 	 0
				0 	 0 	 1
				11.3201 	 -17.0629 	 12.2603
			}
			{VolumeView "piece02.ply"}
		}
		{bone "piece03"
			{parameters "id=body;"}
			{Position 13.3355 	 2.4836 	 11.6679}
			{VolumeView "piece03.ply"}
		}
		{bone "piece04"
			{parameters "id=body;"}
			{matrix34
				-0.9615 	 0.2748 	 0
				-0.2748 	 -0.9615 	 0
				0 	 0 	 1
				14.537 	 -9.8832 	 4.4246
			}
			{VolumeView "piece04.ply"}
		}
		{bone "piece05"
			{parameters "id=body;"}
			{matrix34
				0.9506 	 0.3104 	 0
				-0.3104 	 0.9506 	 0
				0 	 0 	 1
				7.7456 	 30.1619 	 9.3322
			}
			{VolumeView "piece05.ply"}
		}
		{bone "piece06"
			{parameters "id=body;"}
			{matrix34
				0.9506 	 0.3104 	 0
				-0.3104 	 0.9506 	 0
				0 	 0 	 1
				5.0704 	 32.7681 	 16.0955
			}
			{VolumeView "piece06.ply"}
		}
		{bone "piece07"
			{parameters "id=body;"}
			{matrix34
				0.3037 	 0.9528 	 0
				-0.9528 	 0.3037 	 0
				0 	 0 	 1
				5.3881 	 -35.2922 	 9.1953
			}
			{VolumeView "piece07.ply"}
		}
		{bone "piece08"
			{parameters "id=body;"}
			{matrix34
				0.2165 	 -0.9763 	 0
				0.9763 	 0.2165 	 0
				0 	 0 	 1
				10.7214 	 19.7958 	 15.0828
			}
			{VolumeView "piece08.ply"}
		}
		{bone "piece09"
			{parameters "id=body;"}
			{matrix34
				0.2854 	 -0.9584 	 0
				0.9584 	 0.2854 	 0
				0 	 0 	 1
				5.0598 	 -27.618 	 3.9185
			}
			{VolumeView "piece09.ply"}
		}
		{bone "piece10"
			{parameters "id=body;"}
			{Position 15.6619 	 -1.8785 	 17.1824}
			{VolumeView "piece10.ply"}
		}
		{bone "piece11"
			{parameters "id=body;"}
			{matrix34
				0.9506 	 0.3104 	 0
				-0.3104 	 0.9506 	 0
				0 	 0 	 1
				7.6764 	 18.3967 	 21.7388
			}
			{VolumeView "piece11.ply"}
		}
		{bone "piece12"
			{parameters "id=body;"}
			{matrix34
				0.7879 	 -0.6158 	 0
				0.6158 	 0.7879 	 0
				0 	 0 	 1
				9.6667 	 10.9297 	 4.9852
			}
			{VolumeView "piece12.ply"}
		}
	}
}
{volume "piece01"
	{box 15.3372 5.64859 10.5512}
	{bone "piece01"}
	{matrix34
		-0.3998 	 -0.7644 	 -0.5057
		-0.2744 	 -0.4266 	 0.8618
		-0.8745 	 0.4834 	 -0.0392
		-0.0118 	 -0.6083 	 -0.9518
	}
}
{volume "piece02"
	{box 16.6709 4.37875 10.5512}
	{bone "piece02"}
	{matrix34
		-0.3526 	 -0.9323 	 -0.0802
		-0.0397 	 -0.0707 	 0.9967
		-0.9349 	 0.3546 	 -0.0121
		-0.1663 	 0.0764 	 -0.2555
	}
}
{volume "piece03"
	{box 16.6709 4.37875 10.5512}
	{bone "piece03"}
	{matrix34
		-0.0511 	 -0.9987 	 0
		0 	 0 	 1
		-0.9987 	 0.0511 	 0
		0.329 	 0.4097 	 -0.5844
	}
}
{volume "piece04"
	{box 19.7419 5.19033 11.5442}
	{bone "piece04"}
	{matrix34
		-0.0511 	 -0.9987 	 0
		0 	 0 	 1
		-0.9987 	 0.0511 	 0
		0.2307 	 0.1733 	 0.0579
	}
}
{volume "piece05"
	{box 19.3032 5.24276 10.6753}
	{bone "piece05"}
	{matrix34
		0.0647 	 -0.9979 	 0
		0 	 0 	 1
		-0.9979 	 -0.0647 	 0
		0.2589 	 -0.445 	 -0.0952
	}
}
{volume "piece06"
	{box 16.6709 4.37875 10.5512}
	{bone "piece06"}
	{matrix34
		0.2113 	 -0.8533 	 0.4767
		-0.1415 	 0.4559 	 0.8787
		-0.9671 	 -0.2532 	 -0.0244
		0.5653 	 -0.2319 	 -0.2433
	}
}
{volume "piece07"
	{box 16.6709 4.68527 10.5512}
	{bone "piece07"}
	{matrix34
		0.9595 	 -0.2817 	 0
		0 	 0 	 1
		-0.2817 	 -0.9595 	 0
		0.7933 	 -0.1007 	 0.1167
	}
}
{volume "piece08"
	{box 16.6709 4.37875 10.5512}
	{bone "piece08"}
	{matrix34
		-0.0511 	 -0.9987 	 0
		0 	 0 	 1
		-0.9987 	 0.0511 	 0
		0.3313 	 0.1557 	 0.179
	}
}
{volume "piece09"
	{box 19.7419 5.19033 11.5442}
	{bone "piece09"}
	{matrix34
		-0.3399 	 -0.9405 	 0
		0 	 0 	 1
		-0.9405 	 0.3399 	 0
		0.6928 	 -0.119 	 -0.0985
	}
}
{volume "piece11"
	{box 16.6709 4.37875 10.5512}
	{bone "piece11"}
	{matrix34
		-0.0511 	 -0.9987 	 0
		0 	 0 	 1
		-0.9987 	 0.0511 	 0
		0.9506 	 -0.9513 	 0.0951
	}
}
{volume "piece12"
	{box 21.9354 5.24276 12.4131}
	{bone "piece12"}
	{matrix34
		0.0647 	 -0.9979 	 0
		0 	 0 	 1
		-0.9979 	 -0.0647 	 0
		-0.5612 	 1.1438 	 -0.187
	}
}
{volume "piece_10"
	{box 16.6709 4.37875 10.5512}
	{bone "piece10"}
	{matrix34
		0.0618 	 -0.9981 	 0
		0 	 0 	 1
		-0.9981 	 -0.0618 	 0
		-0.9023 	 0.2202 	 0.2157
	}
}
