;Exported by:	 Alexey
;Date:			 07.02.2017 13:26:05
;File:			 I:\VTV_models\Models_For_WiW\-buildings\-FIELD_FORTIFICATION\trenches_bare_dirt_coop2012\-Fixed\trench_dirt_mg2_v03.max
{skeleton
	{bone "trench"
		{parameters "commonmesh;land;align;"}
		{orientation
			1 	 0 	 0
			0 	 -1 	 0
			0 	 0 	 1
		}
		{VolumeView "trench.ply"
			{DecalTargetDynamic}
		}
		{bone "point8"
			{matrix34
				0.9962 	 0.0872 	 0
				-0.0872 	 0.9962 	 0
				0 	 0 	 1
				29.1766 	 -11.6914 	 0.6684
			}
		}
		{bone "point7"
			{matrix34
				0.9962 	 0.0872 	 0
				-0.0872 	 0.9962 	 0
				0 	 0 	 1
				4.4916 	 -11.8958 	 0.6684
			}
		}
		{bone "point6"
			{matrix34
				0.9848 	 -0.1736 	 0
				0.1736 	 0.9848 	 0
				0 	 0 	 1
				-41.8531 	 -12.0813 	 0.6684
			}
		}
		{bone "point5"
			{matrix34
				-1 	 0 	 0
				0 	 -1 	 0
				0 	 0 	 1
				-63.6651 	 9.8056 	 0.6684
			}
		}
		{bone "point1"
			{matrix34
				0.866 	 0.5 	 0
				-0.5 	 0.866 	 0
				0 	 0 	 1
				-31.9009 	 18.1245 	 0.6684
			}
		}
		{bone "point2"
			{Position -1.0058 	 29.0025 	 0.6684}
		}
		{bone "point3"
			{matrix34
				0.8192 	 -0.5736 	 0
				0.5736 	 0.8192 	 0
				0 	 0 	 1
				20.5738 	 23.0722 	 0.6684
			}
		}
		{bone "point4"
			{matrix34
				0.9848 	 -0.1736 	 0
				0.1736 	 0.9848 	 0
				0 	 0 	 1
				46.0643 	 11.5046 	 0.6684
			}
		}
        {bone "sub_piece4"
			{parameters "commonmesh;land;align;"}
            {Matrix34
			  -1 	 0 	 0
			0 	 -1 	 0
			0 	 0 	 1
66.9375 -2.1106 1.1314
			}
			{VolumeView "trenchexit.ply"}
		}
        {bone "sub_piece5"
			{parameters "commonmesh;land;align;"}
            {Matrix34
			   1    0   0 
 0    1   0 
 0    0    1 
-66.9375 -2.1106 0.1314
			}
			{VolumeView "trenchexit.ply"}
		}
	}
}
{area "cut"
	{polygon2
		{radius 0}
		{vertex 0.914009 29.4621}
		{vertex -105.9431 17.9506}
		{vertex -68.6759 -16.7938}
		{vertex -2.24771 -47.7151}
		{vertex 103.9885 -16.2798}
		{vertex 104.219 18.8747}
	}
	{rotate}
}
{obstacle "body1"
	{obb2
		{center -29.6146 -24.7983}
		{extent 2.08725 17.8145}
		{axis 0.588172 0.808736}
	}
	{rotate}
}
{obstacle "body2"
	{obb2
		{center -2.11042 -34.006}
		{extent 2.37226 18.3182}
		{axis 0.0182398 0.999834}
	}
	{rotate}
}
{obstacle "body3"
	{obb2
		{center 25.0086 -25.4905}
		{extent 15.8965 2.06272}
		{axis 0.788218 0.615396}
	}
	{rotate}
}
{obstacle "body4"
	{obb2
		{center 50.6958 -14.7886}
		{extent 13.8853 2.18589}
		{axis 0.997567 0.0697212}
	}
	{rotate}
}
{obstacle "body5"
	{obb2
		{center -58.1853 -14.397}
		{extent 2.27234 17.5735}
		{axis 0.0182398 0.999834}
	}
	{rotate}
}
{obstacle "body6"
	{obb2
		{center -41.8427 17.2611}
		{extent 30.4959 2.33503}
		{axis 0.990278 0.139103}
	}
	{rotate}
}
{obstacle "body7"
	{obb2
		{center 2.28297 20.826}
		{extent 2.24724 14.6929}
		{axis 0.0356777 0.999363}
	}
	{rotate}
}
{obstacle "body8"
	{obb2
		{center 42.2223 16.5924}
		{extent 2.31981 25.6917}
		{axis 0.105268 0.994444}
	}
	{rotate}
}
{volume "body1"
	{box 35.5971 6.81045 23.7743}
	{bone "point1"}
	{matrix34
		0.9948 	 0.1017 	 0
		-0.1009 	 0.9874 	 -0.1218
		-0.0124 	 0.1212 	 0.9926
		5.3168 	 4.6366 	 -9.4523
	}
}
{volume "body2"
	{box 36.6086 6.81045 15.3186}
	{bone "point2"}
	{matrix34
		0.9999 	 0.015 	 0
		-0.0149 	 0.9924 	 -0.1218
		-0.0018 	 0.1218 	 0.9926
		-1.1046 	 5.0035 	 -5.6972
	}
}
{volume "body3"
	{box 31.7688 6.81045 22.0347}
	{bone "point3"}
	{matrix34
		0.9985 	 -0.0546 	 0
		0.0542 	 0.9911 	 -0.1218
		0.0066 	 0.1216 	 0.9926
		2.2457 	 4.5247 	 -8.7395
	}
}
{volume "body4"
	{box 27.741 6.81045 24.9931}
	{bone "point4"}
	{matrix34
		0.9948 	 0.1017 	 0
		-0.1009 	 0.9874 	 -0.1218
		-0.0124 	 0.1212 	 0.9926
		3.9909 	 4.0384 	 -11.2709
	}
}
{volume "body5"
	{box 35.0736 6.81045 24.9931}
	{bone "point5"}
	{matrix34
		-0.9997 	 -0.0255 	 0
		0.0253 	 -0.9922 	 -0.1218
		0.0031 	 -0.1218 	 0.9926
		-5.4798 	 -4.5914 	 -11.2709
	}
}
{volume "body6"
	{box 60.929 6.81045 24.9931}
	{bone "point6"}
	{matrix34
		-0.9996 	 -0.0288 	 0
		0.0285 	 -0.9921 	 -0.1218
		0.0035 	 -0.1218 	 0.9926
		0.9097 	 -5.0993 	 -11.2709
	}
}
{volume "body7"
	{box 29.3152 6.81045 24.9931}
	{bone "point7"}
	{matrix34
		-0.999 	 0.0446 	 0
		-0.0443 	 -0.9916 	 -0.1218
		-0.0054 	 -0.1217 	 0.9926
		-2.9785 	 -8.7037 	 -11.2709
	}
}
{volume "body8"
	{box 51.3147 6.81045 24.9931}
	{bone "point8"}
	{matrix34
		-0.9999 	 -0.0114 	 0
		0.0113 	 -0.9925 	 -0.1218
		0.0014 	 -0.1218 	 0.9926
		12.5688 	 -6.0194 	 -11.2709
	}
}
