;Exported by:	 guita
;Date:			 16.06.2021 00:22:15
;File:			 D:\Git\3D_Scenes\GoH_3D_vehicles_rus\vehicles\airborne\il2 mod 42\IL-2-E_v27_export.max
{skeleton
	{animation
		{sequence "engine_start" {speed 0.2}}
		{sequence "engine_stop" {speed 0.3}}
		{sequence "engine_work" {speed 0.4}}
		{sequence "open" {speed 0.4}{resume}}
		{sequence "wheels" {speed 2.4}{resume}}
	}
	{bone "basis"
		{parameters "steermax=15;"}
		{orientation
			1 	 0 	 0
			0 	 -1 	 0
			0 	 0 	 1
		}
		{bone "body"
			{parameters "id=body;"}
			{Position -35.9967 	 0.1314 	 37.1513}
			{VolumeView "body.ply"}
			{bone "door_right2"
				{parameters "id=body;"}
				{matrix34
					1 	 0 	 0
					0 	 0.4067 	 -0.9135
					0 	 0.9135 	 0.4067
					46.1651 	 -40.9825 	 -11.7173
				}
				{VolumeView "door_right2.ply"}
			}
			{bone "door_right1"
				{parameters "id=body;"}
				{matrix34
					1 	 0 	 0
					0 	 0.4067 	 0.9135
					0 	 -0.9135 	 0.4067
					46.1651 	 -28.9443 	 -11.6614
				}
				{VolumeView "door_right1.ply"}
			}
			{bone "door_left1"
				{parameters "id=body;"}
				{matrix34
					1 	 0 	 0
					0 	 0.4067 	 -0.9135
					0 	 0.9135 	 0.4067
					46.1651 	 28.8887 	 -11.8843
				}
				{VolumeView "door_left1.ply"}
			}
			{bone "door_left2"
				{parameters "id=body;"}
				{matrix34
					1 	 0 	 0
					0 	 0.4067 	 0.9135
					0 	 -0.9135 	 0.4067
					46.1651 	 40.7784 	 -11.8136
				}
				{VolumeView "door_left2.ply"}
			}
			{bone "wingl1"
				{parameters "id=wingleft;"}
				{Position 37.437 	 55.4615 	 -3.5687}
				{VolumeView "wingl1.ply"}
				{bone "wingl2"
					{parameters "id=wingleft;"}
					{Position -4.8264 	 47.8799 	 1.3923}
					{VolumeView "wingl2.ply"}
					{bone "rocket00"
						{parameters "id=body;"}
						{Position 7.9592 	 -24.8114 	 -5.17}
						{VolumeView "rocket00.ply"}
					}
					{bone "rocket02"
						{parameters "id=body;"}
						{Position 7.9592 	 -28.133 	 -5.7011}
						{VolumeView "rocket02.ply"}
					}
					{bone "rocket04"
						{parameters "id=body;"}
						{Position 7.9592 	 -31.8231 	 -6.0203}
						{VolumeView "rocket04.ply"}
					}
					{bone "rocket06"
						{parameters "id=body;"}
						{Position 7.9592 	 -35.399 	 -6.3087}
						{VolumeView "rocket06.ply"}
					}
					{bone revolute "aileron1"
						{parameters "id=wingleft;"}
						{limits -30 30}
						{speed 0.1}
						{matrix34
							0.9877 	 -0.1564 	 0
							0.0109 	 0.0689 	 -0.9976
							0.1561 	 0.9853 	 0.0698
							-11.8555 	 3.9119 	 1.9178
						}
						{VolumeView "aileron1.ply"}
					}
					{bone "shooter_r00"
						{Position 11.4907 	 -24.8288 	 -5.3402}
					}
					{bone "shooter_r02"
						{Position 11.4907 	 -28.1842 	 -5.7743}
					}
					{bone "shooter_r04"
						{Position 11.4907 	 -31.9639 	 -6.1003}
					}
					{bone "shooter_r06"
						{Position 11.4907 	 -35.4201 	 -6.3138}
					}
				}
				{bone "barrel01"
					{Position 38.0853 	 0.9184 	 -0.9845}
				}
				{bone "barrel_mg01"
					{Position 27.4377 	 -8.6644 	 0.3941}
				}
			}
			{bone "wingr1"
				{parameters "id=wingleft;"}
				{Position 37.437 	 -52.7567 	 -3.5331}
				{VolumeView "wingr1.ply"}
				{bone "wingr2"
					{parameters "id=wingleft;"}
					{Position -0.6191 	 -50.275 	 1.3566}
					{VolumeView "wingr2.ply"}
					{bone "rocket01"
						{parameters "id=body;"}
						{Position 3.752 	 24.3539 	 -5.393}
						{VolumeView "rocket01.ply"}
					}
					{bone "rocket03"
						{parameters "id=body;"}
						{Position 3.752 	 27.8495 	 -5.7426}
						{VolumeView "rocket03.ply"}
					}
					{bone "rocket05"
						{parameters "id=body;"}
						{Position 3.752 	 31.4359 	 -6.0627}
						{VolumeView "rocket05.ply"}
					}
					{bone "rocket07"
						{parameters "id=body;"}
						{Position 3.752 	 35.0967 	 -6.2748}
						{VolumeView "rocket07.ply"}
					}
					{bone revolute "aileron2"
						{parameters "id=wingright;"}
						{limits -30 30}
						{speed 0.1}
						{matrix34
							0.9844 	 0.1761 	 -0.0026
							0.0097 	 -0.0691 	 -0.9976
							-0.1758 	 0.9819 	 -0.0697
							-16.0627 	 -4.2217 	 1.9637
						}
						{VolumeView "aileron2.ply"}
					}
					{bone "shooter_r01"
						{Position 7.2835 	 24.2994 	 -5.3307}
					}
					{bone "shooter_r03"
						{Position 7.2835 	 27.8918 	 -5.652}
					}
					{bone "shooter_r05"
						{Position 7.2835 	 31.3716 	 -6.056}
					}
					{bone "shooter_r07"
						{Position 7.2835 	 35.0997 	 -6.3091}
					}
				}
				{bone "barrel00"
					{Position 38.2535 	 -3.5362 	 -1.0202}
				}
				{bone "barrel_mg00"
					{Position 27.7129 	 5.9288 	 0.3585}
				}
			}
			{bone revolute "rudder"
				{parameters "id=body;"}
				{limits -30 30}
				{speed 0.1}
				{Position -94.837 	 -0.0238 	 19.389}
				{VolumeView "rudder.ply"}
			}
			{bone "glass"
				{parameters "id=body;"}
				{Position 27.3108 	 0 	 17.0937}
				{VolumeView "glass.ply"}
			}
			{bone "canopy"
				{parameters "id=body;"}
				{Position 28.1665 	 0 	 16.3393}
				{VolumeView "canopy.ply"}
				{bone "glass_canopy"
					{parameters "id=body;"}
					{Position -0.8557 	 0 	 0.7543}
					{VolumeView "glass_canopy.ply"}
				}
			}
			{bone revolute "elevator2"
				{parameters "id=body;"}
				{limits -30 30}
				{speed 0.1}
				{matrix34
					1 	 0 	 0
					0 	 0 	 1
					0 	 -1 	 0
					-95.6857 	 -28.0872 	 4.7872
				}
				{VolumeView "elevator2.ply"}
			}
			{bone revolute "elevator1"
				{parameters "id=body;"}
				{limits -30 30}
				{speed 0.1}
				{matrix34
					1 	 0 	 0
					0 	 0 	 1
					0 	 -1 	 0
					-95.6857 	 28.0872 	 4.7872
				}
				{VolumeView "elevator1.ply"}
			}
			{bone "emit1"
				{matrix34
					-0.2551 	 -0.9636 	 0.0804
					0.9314 	 -0.2672 	 -0.247
					0.2595 	 0.0119 	 0.9657
					-12.0052 	 18.8771 	 -19.4892
				}
			}
			{bone "seat01"
				{Position 30.4008 	 -1.9872 	 -4.5785}
			}
			{bone "seat02"
				{Position 30.4008 	 -1.9872 	 -4.5785}
			}
			{bone "seat03"
				{Position 30.4008 	 -1.9872 	 -4.5785}
			}
			{bone "seat04"
				{Position 30.4008 	 -1.9872 	 -4.5785}
			}
			{bone "seat05"
				{Position 30.4008 	 -1.9872 	 -4.5785}
			}
			{bone "seat06"
				{Position 30.4008 	 -1.9872 	 -4.5785}
			}
			{bone "seat07"
				{Position 30.4008 	 -1.9872 	 -4.5785}
			}
			{bone "seat08"
				{Position 30.4008 	 -1.9872 	 -4.5785}
			}
			{bone "seat09"
				{Position 30.4008 	 -1.9872 	 -4.5785}
			}
			{bone "seat10"
				{Position 30.4008 	 -1.9872 	 -4.5785}
			}
			{bone "seat11"
				{Position 30.4008 	 -1.9872 	 -4.5785}
			}
			{bone "seat12"
				{Position 30.4008 	 -1.9872 	 -4.5785}
			}
			{bone "driver"
				{Position 30.4008 	 -1.9872 	 -4.5785}
			}
			{bone "engine"
				{parameters "id=engine;"}
				{matrix34
					0 	 1 	 0
					0 	 0 	 1
					1 	 0 	 0
					79.5827 	 -0.1314 	 2.9531
				}
				{bone "fxsmoke1"
					{matrix34
						-0.2164 	 -0.0026 	 -0.9763
						-0.0119 	 0.9999 	 0
						0.9762 	 0.0116 	 -0.2164
						-11.1581 	 1.0037 	 -9.9155
					}
				}
				{bone "fxsmoke2"
					{matrix34
						-0.2164 	 -0.0026 	 -0.9763
						-0.0119 	 0.9999 	 0
						0.9762 	 0.0116 	 -0.2164
						-10.7523 	 1.0037 	 -2.1595
					}
				}
				{bone "fxsmoke3"
					{matrix34
						-0.2164 	 -0.0026 	 -0.9763
						-0.0119 	 0.9999 	 0
						0.9762 	 0.0116 	 -0.2164
						-9.8606 	 1.0038 	 5.6679
					}
				}
				{bone "fxsmoke6"
					{matrix34
						0.4067 	 0.0049 	 -0.9135
						-0.0119 	 0.9999 	 0
						0.9135 	 0.0109 	 0.4067
						11.3326 	 1.1944 	 -9.7045
					}
				}
				{bone "fxsmoke5"
					{matrix34
						0.4067 	 0.0049 	 -0.9135
						-0.0119 	 0.9999 	 0
						0.9135 	 0.0109 	 0.4067
						11.1897 	 1.1944 	 -1.9121
					}
				}
				{bone "fxsmoke4"
					{matrix34
						0.4067 	 0.0049 	 -0.9135
						-0.0119 	 0.9999 	 0
						0.9135 	 0.0109 	 0.4067
						10.2901 	 1.1944 	 5.6196
					}
				}
				{bone revolute "propeller1_work"
					{parameters "commonmesh;id=propeller1;"}
					{matrix34
						0 	 0 	 1
						1 	 0 	 0
						0 	 1 	 0
						0.163 	 -2.7879 	 26.605
					}
					{visibility 0}
					{VolumeView "propeller1_work.ply"}
				}
				{bone revolute "propeller1"
					{parameters "commonmesh;id=propeller1;"}
					{matrix34
						0 	 0 	 1
						1 	 0 	 0
						0 	 1 	 0
						0.163 	 -2.7879 	 26.605
					}
					{VolumeView "propeller1.ply"}
				}
			}
			{bone "door2"
				{matrix34
					-0.9994 	 0 	 0.0349
					-0.0006 	 -0.9998 	 -0.0174
					0.0349 	 -0.0175 	 0.9992
					41.0216 	 -19.3475 	 -8.6031
				}
				{VolumeView "door2.ply"}
			}
			{bone "door3"
				{matrix34
					-0.9994 	 0 	 0.0349
					-0.0018 	 -0.9986 	 -0.0523
					0.0349 	 -0.0523 	 0.998
					40.7832 	 -17.5508 	 -8.5531
				}
				{VolumeView "door3.ply"}
			}
			{bone "door4"
				{matrix34
					-0.9994 	 0 	 0.0349
					-0.0012 	 -0.9994 	 -0.0349
					0.0349 	 -0.0349 	 0.9988
					40.6187 	 -10.1966 	 -9.1564
				}
				{VolumeView "door4.ply"}
			}
			{bone "door5"
				{matrix34
					-0.9994 	 0 	 0.0349
					0 	 -1 	 0
					0.0349 	 0 	 0.9994
					40.6187 	 10.2417 	 -9.1322
				}
				{VolumeView "door5.ply"}
			}
			{bone "door6"
				{matrix34
					-0.9994 	 0 	 0.0349
					0 	 -1 	 0
					0.0349 	 0 	 0.9994
					40.7832 	 17.5565 	 -8.6798
				}
				{VolumeView "door6.ply"}
			}
			{bone "door7"
				{matrix34
					-0.9994 	 0 	 0.0349
					-0.0006 	 -0.9998 	 -0.0174
					0.0349 	 -0.0175 	 0.9992
					41.0216 	 19.3903 	 -8.6039
				}
				{VolumeView "door7.ply"}
			}
			{bone "door8"
				{matrix34
					-0.9994 	 0 	 0.0349
					-0.0012 	 -0.9994 	 -0.0349
					0.0349 	 -0.0349 	 0.9988
					41.1844 	 26.7441 	 -8.2644
				}
				{VolumeView "door8.ply"}
			}
			{bone "door1"
				{matrix34
					-0.9994 	 0 	 0.0349
					0 	 -1 	 0
					0.0349 	 0 	 0.9994
					41.1844 	 -26.7618 	 -8.156
				}
				{VolumeView "door1.ply"}
			}
			{bone "shooter_bb00"
				{Position 44.1014 	 18.5872 	 -14.1473}
			}
			{bone "shooter_bb01"
				{Position 44.1014 	 -18.2508 	 -14.1473}
			}
			{bone revolute "gun_rot1"
				{limits -7.5 7.5}
				{Position 65.922 	 -0.412 	 -4.7826}
				{bone revolute "gun_rot2"
					{limits -25 5}
					{orientation
						1 	 0 	 0
						0 	 0 	 1
						0 	 -1 	 0
					}
					{bone "foresight4"
						{Position 49.1485 	 4.713 	 -0.2995}
					}
					{bone "foresight1"
						{Position 50.9738 	 4.713 	 -0.2995}
					}
					{bone "shooter00"
						{Position 9.6003 	 0.2293 	 -56.792}
					}
					{bone "shooter_mg01"
						{Position -1.0473 	 1.608 	 -47.2092}
					}
					{bone "shooter01"
						{Position 9.7685 	 0.2294 	 55.8809}
					}
					{bone "shooter_mg00"
						{Position -0.7721 	 1.608 	 46.4159}
					}
					{bone "foresight3"
						{Position 49.1485 	 4.713 	 -0.2995}
					}
				}
			}
			{bone "fxtracem1"
				{matrix34
					-0.9833 	 -0.0022 	 0.1822
					0.1822 	 -0.0117 	 0.9832
					0 	 0.9999 	 0.0119
					6.2757 	 -1.7956 	 -29.861
				}
			}
			{bone "bomb_01"
				{Position 42.2217 	 -18.6142 	 -13.2659}
				{LODView
					{VolumeView "bomb_01.ply"}
					{VolumeView "bomb_01_lod1.ply"}
				}
			}
			{bone "bomb_00"
				{Position 42.2217 	 18.1599 	 -13.4019}
				{LODView
					{VolumeView "bomb_00.ply"}
					{VolumeView "bomb_00_lod1.ply"}
				}
			}
			{bone "visor"
				{Position 40.8498 	 0 	 20.1795}
			}
		}
		{bone "pivot_back"
			{Position -133.366 	 0 	 40.3407}
			{bone "steer_back"
				{parameters "id=body;"}
				{Position -6.8358 	 0.1314 	 -0.3246}
				{VolumeView "steer_back.ply"}
				{bone revolute "wheelback"
					{parameters "id=body;radius=0.2;support;"}
					{matrix34
						1 	 0 	 0
						0 	 0 	 -1
						0 	 1 	 0
						-5.7351 	 0 	 -5.9714
					}
					{VolumeView "wheelback.ply"}
				}
			}
		}
		{bone "pivot_front"
			{parameters "main;"}
			{Position 21.939 	 0 	 2.9506}
			{bone "strut_r"
				{parameters "id=body;"}
				{Position -27.7513 	 -34.8699 	 25.3424}
				{VolumeView "strut_r.ply"}
				{bone "strut2_r"
					{parameters "id=body;"}
					{Position 16.9083 	 0 	 -9.8122}
					{VolumeView "strut2_r.ply"}
				}
			}
			{bone "strut_l"
				{parameters "id=body;"}
				{Position -27.7513 	 35.1328 	 25.3424}
				{VolumeView "strut_l.ply"}
				{bone "strut2_l"
					{parameters "id=body;"}
					{Position 16.9083 	 0 	 -9.8122}
					{VolumeView "strut2_l.ply"}
				}
			}
			{bone "gear_l"
				{parameters "id=body;"}
				{Position 0.0116 	 35.1337 	 21.0973}
				{VolumeView "gear_l.ply"}
				{bone revolute "wheel_l"
					{parameters "id=wheell;radius=0.42;"}
					{matrix34
						1 	 0 	 0
						0 	 0 	 -1
						0 	 1 	 0
						-0.0446 	 -0.0023 	 -19.5175
					}
					{VolumeView "wheel_l.ply"}
				}
				{bone "support2"
					{matrix34
						1 	 0 	 0
						0 	 0 	 1
						0 	 -1 	 0
						-0.1179 	 0.5013 	 -28.2211
					}
				}
				{bone "fxtracel1"
					{matrix34
						-0.9833 	 0 	 0.1822
						0.1822 	 0 	 0.9833
						0 	 1 	 0
						-3.2919 	 0.876 	 -27.6856
					}
				}
			}
			{bone "gear_r"
				{parameters "id=body;"}
				{Position 0.0116 	 -34.8709 	 21.0973}
				{VolumeView "gear_r.ply"}
				{bone revolute "wheel_r"
					{parameters "id=wheelr;radius=0.42;"}
					{matrix34
						1 	 0 	 0
						0 	 0 	 -1
						0 	 1 	 0
						-0.0446 	 0.0023 	 -19.5175
					}
					{VolumeView "wheel_r.ply"}
				}
				{bone "support1"
					{matrix34
						1 	 0 	 0
						0 	 0 	 1
						0 	 -1 	 0
						-0.1179 	 0.0319 	 -27.8115
					}
				}
				{bone "fxtracer1"
					{matrix34
						-0.9833 	 0 	 0.1822
						0.1822 	 0 	 0.9833
						0 	 1 	 0
						-3.2919 	 -0.0983 	 -27.6856
					}
				}
			}
		}
	}
}
{obstacle "rectangle1"
	{obb2
		{center -124.518 -0.595543}
		{extent 21.2617 47.8802}
		{axis 1 0}
	}
	{rotate}
	{rotate}
}
{obstacle "rectangle2"
	{obb2
		{center -40.3842 0.33725}
		{extent 113.985 13.3427}
		{axis 1 0}
	}
	{rotate}
	{rotate}
}
{obstacle "rectangle3"
	{obb2
		{center -3.97916 1.28989}
		{extent 29.9261 147.396}
		{axis 1 0}
	}
	{rotate}
	{rotate}
}
{volume "1blade1"
	{box 5.30891 33.3202 2.4942}
	{bone "propeller1"}
	{matrix34
		0 	 0.4924 	 0.8704
		0 	 0.8704 	 -0.4924
		-1 	 0 	 0
		-3.3013 	 -14.1643 	 8.2213
	}
}
{volume "1blade2"
	{box 5.2513 32.0231 2.4942}
	{bone "propeller1"}
	{matrix34
		0 	 -1 	 0
		0 	 0 	 1
		-1 	 0 	 0
		-3.3013 	 -0.1396 	 -17.9926
	}
}
{volume "1blade3"
	{box 5.35007 33.8639 2.4942}
	{bone "propeller1"}
	{matrix34
		0 	 0.5 	 -0.866
		0 	 -0.866 	 -0.5
		-1 	 0 	 0
		-3.3013 	 13.8153 	 8.3434
	}
}
{volume "aileron1"
	{box 8.44279 57.8934 1.73846}
	{bone "aileron1"}
	{matrix34
		0.9992 	 -0.0244 	 -0.0332
		-0.0334 	 -0.0053 	 -0.9994
		0.0242 	 0.9997 	 -0.0061
		-3.2567 	 -0.0427 	 -1.1045
	}
}
{volume "aileron2"
	{box 8.44279 57.8934 1.73846}
	{bone "aileron2"}
	{matrix34
		0.9997 	 0.0183 	 0.0163
		0.0162 	 0.0052 	 -0.9999
		-0.0184 	 0.9998 	 0.0049
		-3.825 	 0.1221 	 -0.4524
	}
}
{volume "body1"
	{polyhedron "body1.vol"}
	{bone "body"}
	{matrix34
		1 	 0 	 0
		0 	 0 	 1
		0 	 -1 	 0
		-20.9999 	 10.1393 	 0.9476
	}
}
{volume "body2"
	{box 17.7469 5.4854 18.4342}
	{bone "body"}
	{matrix34
		1 	 0 	 0
		0 	 0 	 1
		0 	 -1 	 0
		43.2986 	 -0.0527 	 -13.6627
	}
}
{volume "canopy"
	{polyhedron "canopy.vol"}
	{bone "canopy"}
	{matrix34
		1 	 0 	 0
		0 	 0 	 1
		0 	 -1 	 0
		-9.6039 	 8.8948 	 0.0497
	}
}
{volume "cockpit"
	{polyhedron "cockpit.vol"}
	{bone "body"}
	{matrix34
		-1 	 0 	 0
		0 	 0 	 1
		0 	 1 	 0
		28.1439 	 -7.1578 	 16.4748
	}
}
{volume "elevator1"
	{polyhedron "elevator1.vol"}
	{bone "elevator1"}
	{matrix34
		1 	 0 	 0
		0 	 0 	 -1
		0 	 1 	 0
		-7.8916 	 -1.2094 	 0.0996
	}
}
{volume "elevator2"
	{polyhedron "elevator2.vol"}
	{bone "elevator2"}
	{matrix34
		1 	 0 	 0
		0 	 0 	 -1
		0 	 1 	 0
		-8.1048 	 -1.2094 	 -0.3002
	}
}
{volume "engine1"
	{polyhedron "engine1.vol"}
	{bone "engine"}
	{matrix34
		0 	 0 	 -1
		0 	 1 	 0
		1 	 0 	 0
		-5.6877 	 -1.7905 	 3.3112
	}
}
{volume "rudder"
	{polyhedron "rudder.vol"}
	{bone "rudder"}
	{matrix34
		-1 	 0 	 0
		0 	 0 	 1
		0 	 1 	 0
		-6.7055 	 -0.7959 	 10.8154
	}
}
{volume "spin1"
	{cylinder 35.1051 7.95921}
	{bone "propeller1_work"}
	{matrix34
		-0.017 	 -0.6434 	 -0.7653
		-0.01 	 0.7655 	 -0.6433
		0.9998 	 -0.0033 	 -0.0194
		-3.4185 	 -0.1585 	 0.4754
	}
}
{volume "stabilizer1"
	{polyhedron "stabilizer1.vol"}
	{bone "body"}
	{Position -78.2221 	 -0.0145 	 4.2824}
}
{volume "stabilizer2"
	{polyhedron "stabilizer2.vol"}
	{bone "body"}
	{matrix34
		-1 	 0 	 0
		0 	 0 	 1
		0 	 1 	 0
		-85.1298 	 -1.4132 	 27.2951
	}
}
{volume "wheelback"
	{cylinder 4.0046 3.09226}
	{bone "wheelback"}
	{matrix34
		-1 	 0 	 0
		0 	 -1 	 0
		0 	 0 	 1
		-0.0377 	 -0.0452 	 0.0377
	}
}
{volume "wheell"
	{cylinder 8.60492 5.00731}
	{bone "wheel_l"}
	{matrix34
		1 	 0 	 0
		0 	 -1 	 0
		0 	 0 	 -1
		-0.0681 	 0.0952 	 0.02
	}
}
{volume "wheelr"
	{cylinder 8.58977 5.17423}
	{bone "wheel_r"}
	{matrix34
		1 	 0 	 0
		0 	 -0.9997 	 0.0262
		0 	 -0.0262 	 -0.9997
		0.3032 	 0.0579 	 -0.0358
	}
}
{volume "wingl1"
	{polyhedron "wingl1.vol"}
	{bone "wingl1"}
	{matrix34
		1 	 0 	 0
		0 	 0.9986 	 0.0523
		0 	 -0.0523 	 0.9986
		-4.3257 	 -4.8364 	 -2.6692
	}
}
{volume "wingl2"
	{polyhedron "wingl2.vol"}
	{bone "wingr2"}
	{matrix34
		0.9998 	 0.0068 	 -0.0179
		-0.0059 	 0.9986 	 0.0521
		0.0182 	 -0.052 	 0.9985
		-2.7519 	 214.631 	 2.3303
	}
}
{volume "wingl3"
	{cylinder 6.64855 52.1812}
	{bone "wingl1"}
	{matrix34
		0 	 1 	 0
		0 	 0 	 1
		1 	 0 	 0
		4.3189 	 -20.8007 	 -4.0198
	}
}
{volume "wingr1"
	{polyhedron "wingr1.vol"}
	{bone "wingr1"}
	{matrix34
		1 	 0 	 0
		0 	 0.9994 	 -0.0349
		0 	 0.0349 	 0.9994
		-4.3256 	 2.9705 	 -3.0127
	}
}
{volume "wingr2"
	{polyhedron "wingr2.vol"}
	{bone "wingr2"}
	{matrix34
		0.9998 	 0.0068 	 -0.0179
		-0.0078 	 0.9986 	 -0.0525
		0.0175 	 0.0526 	 0.9985
		-2.7519 	 -8.0863 	 2.3303
	}
}
{volume "wingr3"
	{cylinder 6.64855 52.1812}
	{bone "wingr1"}
	{matrix34
		0 	 1 	 0
		0 	 0 	 1
		1 	 0 	 0
		4.3189 	 17.831 	 -4.0554
	}
}
