;Exported by:	 Carlos
;Date:			 08.03.2019 10:45:18
;File:			 T:\GoH_3D_environment_export\3d_landscape\cut_entity\trenches\trenches_reinforced_dirt\trenches_reinforced_dirt_new_export.max
{skeleton
	{bone "trench_straight1"
		{parameters "commonmesh;land;align;"}
		{orientation
			1 	 0 	 0
			0 	 -1 	 0
			0 	 0 	 1
		}
		{VolumeView "trench_straight1.ply"
			{DecalTargetDynamic}
		}
		{bone "point8"
			{matrix34
				-0.0976 	 -0.9952 	 0
				0.9952 	 -0.0976 	 0
				0 	 0 	 1
				-15.4138 	 -40.726 	 -4.6676
			}
		}
		{bone "point7"
			{matrix34
				0.0082 	 -1 	 0
				1 	 0.0082 	 0
				0 	 0 	 1
				-15.4528 	 0.0252 	 -4.6676
			}
		}
		{bone "point6"
			{matrix34
				-0.0976 	 -0.9952 	 0
				0.9952 	 -0.0976 	 0
				0 	 0 	 1
				-16.2513 	 36.4425 	 -4.6676
			}
		}
		{bone "point2"
			{matrix34
				-0.0706 	 -0.9975 	 0
				0.9975 	 -0.0706 	 0
				0 	 0 	 1
				18.0158 	 41.599 	 -4.6676
			}
		}
		{bone "point3"
			{matrix34
				0.049 	 -0.9988 	 0
				0.9988 	 0.049 	 0
				0 	 0 	 1
				19.4739 	 -0.3963 	 -4.6676
			}
		}
		{bone "point4"
			{matrix34
				-0.1054 	 -0.9944 	 0
				0.9944 	 -0.1054 	 0
				0 	 0 	 1
				19.8057 	 -38.2545 	 -4.6676
			}
		}
	}
}
{area "cut"
	{polygon2
		{radius 0}
		{vertex -26.3573 -57.7719}
		{vertex 27.9936 -57.7719}
		{vertex 27.511 59.9663}
		{vertex -27.3225 59.4837}
	}
	{rotate}
}
{obstacle "body2"
	{obb2
		{center 20.2821 -40.7364}
		{extent 20.1892 1.5081}
		{axis 0.00620664 -0.999981}
	}
	{rotate}
}
{obstacle "body3"
	{obb2
		{center 20.2948 0.543701}
		{extent 20.1892 1.50809}
		{axis -0.00199302 -0.999998}
	}
	{rotate}
}
{obstacle "body4"
	{obb2
		{center 18.5124 40.7451}
		{extent 20.1892 1.50809}
		{axis 0.00626238 -0.99998}
	}
	{rotate}
}
{obstacle "body6"
	{obb2
		{center -19.3866 -37.6302}
		{extent 20.1892 1.50809}
		{axis 0.00255986 -0.999997}
	}
	{rotate}
}
{obstacle "body7"
	{obb2
		{center -19.9501 1.2857}
		{extent 20.1892 1.50809}
		{axis 0.0418999 -0.999122}
	}
	{rotate}
}
{obstacle "body8"
	{obb2
		{center -19.6055 41.9815}
		{extent 20.1892 1.50809}
		{axis -0.00934477 -0.999956}
	}
	{rotate}
}
{volume "body2"
	{polyhedron "body2.vol"}
	{bone "point2"}
	{matrix34
		0.9973 	 0.0729 	 -0.0122
		-0.0738 	 0.9921 	 -0.1017
		0.0047 	 0.1024 	 0.9947
		1.1503 	 3.3414 	 -19.3935
	}
}
{volume "body3"
	{polyhedron "body3.vol"}
	{bone "point3"}
	{matrix34
		0.9973 	 -0.0718 	 -0.0173
		0.0697 	 0.9924 	 -0.1017
		0.0245 	 0.1002 	 0.9947
		0.1059 	 1.7703 	 -19.3603
	}
}
{volume "body4"
	{polyhedron "body4.vol"}
	{bone "point4"}
	{matrix34
		0.9927 	 0.1201 	 -0.0106
		-0.1205 	 0.9875 	 -0.1019
		-0.0018 	 0.1024 	 0.9947
		1.9487 	 1.6184 	 -19.3245
	}
}
{volume "body6"
	{polyhedron "body6.vol"}
	{bone "point6"}
	{matrix34
		-0.9961 	 -0.0878 	 -0.0101
		0.0884 	 -0.9916 	 -0.0939
		-0.0018 	 -0.0945 	 0.9955
		-1.2619 	 -2.6374 	 -19.3433
	}
}
{volume "body7"
	{polyhedron "body7.vol"}
	{bone "point7"}
	{matrix34
		-0.999 	 0.0426 	 -0.0101
		-0.0415 	 -0.9947 	 -0.0939
		-0.0141 	 -0.0934 	 0.9955
		1.79 	 -3.7766 	 -19.3433
	}
}
{volume "body8"
	{polyhedron "body8.vol"}
	{bone "point8"}
	{matrix34
		-0.9929 	 -0.1182 	 -0.0106
		0.1187 	 -0.9877 	 -0.1019
		0.0016 	 -0.1024 	 0.9947
		1.7938 	 -3.6821 	 -19.3245
	}
}
