;Exported by:	 guita
;Date:			 11.06.2021 03:10:32
;File:			 D:\Git\3D_Scenes\GoH_3D_vehicles_rus\vehicles\airborne\il2 mod 42\IL-2-E_v27_xx_export.max
{skeleton
	{bone "basis"
		{parameters "steermax=15;"}
		{orientation
			1 	 0 	 0
			0 	 -1 	 0
			0 	 0 	 1
		}
		{bone "body"
			{parameters "id=body;"}
			{Position -35.9967 	 0.1314 	 37.1513}
			{VolumeView "body.ply"}
			{bone "door_right2"
				{parameters "id=body;"}
				{matrix34
					1 	 0 	 0
					0 	 0.4067 	 -0.9135
					0 	 0.9135 	 0.4067
					46.1651 	 -40.9825 	 -11.7173
				}
				{VolumeView "door_right2.ply"}
			}
			{bone "door_right1"
				{parameters "id=body;"}
				{matrix34
					1 	 0 	 0
					0 	 0.4067 	 0.9135
					0 	 -0.9135 	 0.4067
					46.1651 	 -28.9443 	 -11.6614
				}
				{VolumeView "door_right1.ply"}
			}
			{bone "door_left1"
				{parameters "id=body;"}
				{matrix34
					1 	 0 	 0
					0 	 0.4067 	 -0.9135
					0 	 0.9135 	 0.4067
					46.1651 	 28.8887 	 -11.8843
				}
				{VolumeView "door_left1.ply"}
			}
			{bone "door_left2"
				{parameters "id=body;"}
				{matrix34
					1 	 0 	 0
					0 	 0.4067 	 0.9135
					0 	 -0.9135 	 0.4067
					46.1651 	 40.7784 	 -11.8136
				}
				{VolumeView "door_left2.ply"}
			}
			{bone "wingl1"
				{parameters "id=wingleft;"}
				{Position 37.437 	 55.4615 	 -3.5687}
				{VolumeView "wingl1.ply"}
				{bone "wingl2"
					{parameters "id=wingleft;"}
					{Position -4.8264 	 47.8799 	 1.3923}
					{VolumeView "wingl2.ply"}
					{bone revolute "aileron1"
						{parameters "id=wingleft;"}
						{limits -30 30}
						{speed 0.1}
						{matrix34
							0.9877 	 -0.1564 	 0
							0.0109 	 0.0689 	 -0.9976
							0.1561 	 0.9853 	 0.0698
							-11.8555 	 3.9119 	 1.9178
						}
						{VolumeView "aileron1.ply"}
					}
				}
			}
			{bone "wingr1"
				{parameters "id=wingleft;"}
				{Position 37.437 	 -52.7567 	 -3.5331}
				{VolumeView "wingr1.ply"}
				{bone "wingr2"
					{parameters "id=wingleft;"}
					{Position -0.6191 	 -50.275 	 1.3566}
					{VolumeView "wingr2.ply"}
					{bone revolute "aileron2"
						{parameters "id=wingright;"}
						{limits -30 30}
						{speed 0.1}
						{matrix34
							0.9844 	 0.1761 	 -0.0026
							0.0097 	 -0.0691 	 -0.9976
							-0.1758 	 0.9819 	 -0.0697
							-16.0627 	 -4.2217 	 1.9637
						}
						{VolumeView "aileron2.ply"}
					}
				}
			}
			{bone revolute "rudder"
				{parameters "id=body;"}
				{limits -30 30}
				{speed 0.1}
				{Position -94.837 	 -0.0238 	 19.389}
				{VolumeView "rudder.ply"}
			}
			{bone "glass"
				{parameters "id=body;"}
				{Position 27.3108 	 0 	 17.0937}
				{VolumeView "glass.ply"}
			}
			{bone "canopy"
				{parameters "id=body;"}
				{Position 28.1665 	 0 	 16.3393}
				{VolumeView "canopy.ply"}
				{bone "glass_canopy"
					{parameters "id=body;"}
					{Position -0.8557 	 0 	 0.7543}
					{VolumeView "glass_canopy.ply"}
				}
			}
			{bone revolute "elevator2"
				{parameters "id=body;"}
				{limits -30 30}
				{speed 0.1}
				{matrix34
					1 	 0 	 0
					0 	 0 	 1
					0 	 -1 	 0
					-95.6857 	 -28.0872 	 4.7872
				}
				{VolumeView "elevator2.ply"}
			}
			{bone revolute "elevator1"
				{parameters "id=body;"}
				{limits -30 30}
				{speed 0.1}
				{matrix34
					1 	 0 	 0
					0 	 0 	 1
					0 	 -1 	 0
					-95.6857 	 28.0872 	 4.7872
				}
				{VolumeView "elevator1.ply"}
			}
			{bone "emit1"
				{matrix34
					-0.2551 	 -0.9636 	 0.0804
					0.9314 	 -0.2672 	 -0.247
					0.2595 	 0.0119 	 0.9657
					-12.0052 	 18.8771 	 -19.4892
				}
			}
			{bone "engine"
				{parameters "id=engine;"}
				{matrix34
					0 	 1 	 0
					0 	 0 	 1
					1 	 0 	 0
					79.5827 	 -0.1314 	 2.9531
				}
				{bone revolute "propeller1"
					{parameters "commonmesh;id=propeller1;"}
					{animation
						{sequence "break" {file "prop1_b.anm"}{speed 0.5}}
					}
					{matrix34
						0 	 0 	 1
						-0.539 	 -0.8423 	 0
						0.8423 	 -0.539 	 0
						0.163 	 -2.7879 	 26.605
					}
					{VolumeView "propeller1.ply"}
				}
			}
			{bone "door2"
				{matrix34
					-0.9994 	 0 	 0.0349
					-0.0006 	 -0.9998 	 -0.0174
					0.0349 	 -0.0175 	 0.9992
					41.0216 	 -19.3475 	 -8.6031
				}
				{VolumeView "door2.ply"}
			}
			{bone "door3"
				{matrix34
					-0.9994 	 0 	 0.0349
					-0.0018 	 -0.9986 	 -0.0523
					0.0349 	 -0.0523 	 0.998
					40.7832 	 -17.5508 	 -8.5531
				}
				{VolumeView "door3.ply"}
			}
			{bone "door4"
				{matrix34
					-0.9994 	 0 	 0.0349
					-0.0012 	 -0.9994 	 -0.0349
					0.0349 	 -0.0349 	 0.9988
					40.6187 	 -10.1966 	 -9.1564
				}
				{VolumeView "door4.ply"}
			}
			{bone "door5"
				{matrix34
					-0.9994 	 0 	 0.0349
					0 	 -1 	 0
					0.0349 	 0 	 0.9994
					40.6187 	 10.2417 	 -9.1322
				}
				{VolumeView "door5.ply"}
			}
			{bone "door6"
				{matrix34
					-0.9994 	 0 	 0.0349
					0 	 -1 	 0
					0.0349 	 0 	 0.9994
					40.7832 	 17.5565 	 -8.6798
				}
				{VolumeView "door6.ply"}
			}
			{bone "door7"
				{matrix34
					-0.9994 	 0 	 0.0349
					-0.0006 	 -0.9998 	 -0.0174
					0.0349 	 -0.0175 	 0.9992
					41.0216 	 19.3903 	 -8.6039
				}
				{VolumeView "door7.ply"}
			}
			{bone "door8"
				{matrix34
					-0.9994 	 0 	 0.0349
					-0.0012 	 -0.9994 	 -0.0349
					0.0349 	 -0.0349 	 0.9988
					41.1844 	 26.7441 	 -8.2644
				}
				{VolumeView "door8.ply"}
			}
			{bone "door1"
				{matrix34
					-0.9994 	 0 	 0.0349
					0 	 -1 	 0
					0.0349 	 0 	 0.9994
					41.1844 	 -26.7618 	 -8.156
				}
				{VolumeView "door1.ply"}
			}
		}
		{bone "pivot_back"
			{Position -133.366 	 0 	 40.3407}
			{bone "steer_back"
				{parameters "id=body;"}
				{Position -6.8358 	 0.1314 	 -0.3246}
				{VolumeView "steer_back.ply"}
				{bone revolute "wheelback"
					{parameters "id=body;radius=0.2;support;"}
					{matrix34
						1 	 0 	 0
						0 	 0 	 -1
						0 	 1 	 0
						-5.7351 	 0 	 -5.9714
					}
					{VolumeView "wheelback.ply"}
				}
			}
		}
		{bone "pivot_front"
			{parameters "main;"}
			{Position 21.939 	 0 	 2.9506}
			{bone "strut_r"
				{parameters "id=body;"}
				{Position -27.7513 	 -34.8699 	 25.3424}
				{VolumeView "strut_r.ply"}
				{bone "strut2_r"
					{parameters "id=body;"}
					{Position 16.9083 	 0 	 -9.8122}
					{VolumeView "strut2_r.ply"}
				}
			}
			{bone "strut_l"
				{parameters "id=body;"}
				{Position -27.7513 	 35.1328 	 25.3424}
				{VolumeView "strut_l.ply"}
				{bone "strut2_l"
					{parameters "id=body;"}
					{Position 16.9083 	 0 	 -9.8122}
					{VolumeView "strut2_l.ply"}
				}
			}
			{bone "gear_l"
				{parameters "id=body;"}
				{Position 0.0116 	 35.1337 	 21.0973}
				{VolumeView "gear_l.ply"}
				{bone revolute "wheel_l"
					{parameters "id=wheell;radius=0.42;"}
					{matrix34
						1 	 0 	 0
						0 	 0.2924 	 -0.9563
						0 	 0.9563 	 0.2924
						-0.0446 	 1.5702 	 -20.2555
					}
					{VolumeView "wheel_l.ply"}
				}
			}
			{bone "gear_r"
				{parameters "id=body;"}
				{Position 0.0116 	 -34.8709 	 21.0973}
				{VolumeView "gear_r.ply"}
				{bone revolute "wheel_r"
					{parameters "id=wheelr;radius=0.42;"}
					{matrix34
						1 	 0 	 0
						0 	 0 	 -1
						0 	 1 	 0
						-0.0446 	 0.0023 	 -19.5175
					}
					{VolumeView "wheel_r.ply"}
				}
			}
		}
	}
}
{obstacle "rectangle1"
	{obb2
		{center -124.518 -0.595543}
		{extent 21.2617 47.8802}
		{axis 1 0}
	}
	{rotate}
	{rotate}
}
{obstacle "rectangle2"
	{obb2
		{center -40.3842 0.33725}
		{extent 113.985 13.3427}
		{axis 1 0}
	}
	{rotate}
	{rotate}
}
{obstacle "rectangle3"
	{obb2
		{center -3.97916 1.28989}
		{extent 29.9261 147.396}
		{axis 1 0}
	}
	{rotate}
	{rotate}
}
{volume "1blade1"
	{box 5.30891 33.3202 2.4942}
	{bone "propeller1"}
	{matrix34
		0.2003 	 -0.4192 	 -0.8855
		0.354 	 -0.8118 	 0.4644
		-0.9135 	 -0.4065 	 -0.0142
		-8.8978 	 12.6988 	 -7.794
	}
}
{volume "1blade2"
	{box 5.2513 32.0231 2.4942}
	{bone "propeller1"}
	{matrix34
		0 	 0.9986 	 -0.0523
		0.342 	 -0.0492 	 -0.9384
		-0.9397 	 -0.0179 	 -0.3416
		-5.5311 	 0.9392 	 15.2525
	}
}
{volume "1blade3"
	{box 5.35007 33.8639 2.4942}
	{bone "propeller1"}
	{matrix34
		-0.25 	 -0.3871 	 0.8875
		0.433 	 0.7751 	 0.4601
		-0.866 	 0.4993 	 -0.0262
		-7.086 	 -11.7433 	 -7.7394
	}
}
{volume "aileron1"
	{box 8.44279 57.8934 1.73846}
	{bone "aileron1"}
	{matrix34
		0.9992 	 -0.0244 	 -0.0332
		-0.0334 	 -0.0053 	 -0.9994
		0.0242 	 0.9997 	 -0.0061
		-3.2567 	 -0.0427 	 -1.1045
	}
}
{volume "aileron2"
	{box 8.44279 57.8934 1.73846}
	{bone "aileron2"}
	{matrix34
		0.9997 	 0.0183 	 0.0163
		0.0162 	 0.0052 	 -0.9999
		-0.0184 	 0.9998 	 0.0049
		-3.825 	 0.1221 	 -0.4524
	}
}
{volume "body1"
	{box 17.7469 5.4854 18.4342}
	{bone "body"}
	{matrix34
		1 	 0 	 0
		0 	 0 	 1
		0 	 -1 	 0
		43.2986 	 -0.0527 	 -13.6627
	}
}
{volume "body"
	{polyhedron "body.vol"}
	{bone "body"}
	{matrix34
		1 	 0 	 0
		0 	 0 	 1
		0 	 -1 	 0
		-20.9999 	 10.1393 	 0.9476
	}
}
{volume "canopy"
	{polyhedron "canopy.vol"}
	{bone "canopy"}
	{matrix34
		1 	 0 	 0
		0 	 0 	 1
		0 	 -1 	 0
		-9.6039 	 8.8948 	 0.0497
	}
}
{volume "cockpit"
	{polyhedron "cockpit.vol"}
	{bone "body"}
	{matrix34
		-1 	 0 	 0
		0 	 0 	 1
		0 	 1 	 0
		28.1439 	 -7.1578 	 16.4748
	}
}
{volume "elevator1"
	{polyhedron "elevator1.vol"}
	{bone "elevator1"}
	{matrix34
		1 	 0 	 0
		0 	 0 	 -1
		0 	 1 	 0
		-7.8916 	 -1.2094 	 0.0996
	}
}
{volume "elevator2"
	{polyhedron "elevator2.vol"}
	{bone "elevator2"}
	{matrix34
		1 	 0 	 0
		0 	 0 	 -1
		0 	 1 	 0
		-8.1048 	 -1.2094 	 -0.3002
	}
}
{volume "engine1"
	{polyhedron "engine1.vol"}
	{bone "engine"}
	{matrix34
		0 	 0 	 -1
		0 	 1 	 0
		1 	 0 	 0
		-5.6877 	 -1.7905 	 3.3112
	}
}
{volume "rudder"
	{polyhedron "rudder.vol"}
	{bone "rudder"}
	{matrix34
		-1 	 0 	 0
		0 	 0 	 1
		0 	 1 	 0
		-6.7055 	 -0.7959 	 10.8154
	}
}
{volume "stabilizer1"
	{polyhedron "stabilizer1.vol"}
	{bone "body"}
	{Position -78.2221 	 -0.0145 	 4.2824}
}
{volume "stabilizer2"
	{polyhedron "stabilizer2.vol"}
	{bone "body"}
	{matrix34
		-1 	 0 	 0
		0 	 0 	 1
		0 	 1 	 0
		-85.1298 	 -1.4132 	 27.2951
	}
}
{volume "wheelback"
	{cylinder 4.0046 3.09226}
	{bone "wheelback"}
	{matrix34
		-1 	 0 	 0
		0 	 -1 	 0
		0 	 0 	 1
		-0.0377 	 -0.0452 	 0.0377
	}
}
{volume "wheell"
	{cylinder 8.60492 5.00731}
	{bone "wheel_l"}
	{matrix34
		1 	 0 	 0
		0 	 -1 	 0
		0 	 0 	 -1
		-0.0681 	 0.0952 	 0.02
	}
}
{volume "wheelr"
	{cylinder 8.58977 5.17423}
	{bone "wheel_r"}
	{matrix34
		1 	 0 	 0
		0 	 -0.9997 	 0.0262
		0 	 -0.0262 	 -0.9997
		0.3032 	 0.0579 	 -0.0358
	}
}
{volume "wingl1"
	{polyhedron "wingl1.vol"}
	{bone "wingl1"}
	{matrix34
		1 	 0 	 0
		0 	 0.9986 	 0.0523
		0 	 -0.0523 	 0.9986
		-4.3257 	 -4.8364 	 -2.6692
	}
}
{volume "wingl2"
	{polyhedron "wingl2.vol"}
	{bone "wingr2"}
	{matrix34
		0.9998 	 0.0068 	 -0.0179
		-0.0059 	 0.9986 	 0.0521
		0.0182 	 -0.052 	 0.9985
		-2.7519 	 214.631 	 2.3303
	}
}
{volume "wingl3"
	{cylinder 6.64855 52.1812}
	{bone "body"}
	{matrix34
		0 	 1 	 0
		0 	 0 	 1
		1 	 0 	 0
		41.7559 	 34.6609 	 -7.5885
	}
}
{volume "wingr1"
	{polyhedron "wingr1.vol"}
	{bone "wingr1"}
	{matrix34
		1 	 0 	 0
		0 	 0.9994 	 -0.0349
		0 	 0.0349 	 0.9994
		-4.3256 	 2.9705 	 -3.0127
	}
}
{volume "wingr2"
	{polyhedron "wingr2.vol"}
	{bone "wingr2"}
	{matrix34
		0.9998 	 0.0068 	 -0.0179
		-0.0078 	 0.9986 	 -0.0525
		0.0175 	 0.0526 	 0.9985
		-2.7519 	 -8.0863 	 2.3303
	}
}
{volume "wingr3"
	{cylinder 6.64855 52.1812}
	{bone "body"}
	{matrix34
		0 	 1 	 0
		0 	 0 	 1
		1 	 0 	 0
		41.7559 	 -34.9256 	 -7.5885
	}
}
