;Exported by:	 guita
;Date:			 06.12.2020 00:39:10
;File:			 D:\Git\3D_Scenes\GoH_3D_vehicles_ger\vehicles\airborne\bf110_f2\BF-110_export2.max
{skeleton
	{animation
		{sequence "engine_start" {speed 0.7}}
		{sequence "engine2_start" {speed 0.7}}
		{sequence "engine_stop" {speed 0.4}}
		{sequence "engine2_stop" {speed 0.4}}
		{sequence "engine_work" {speed 0.4}}
		{sequence "engine2_work" {speed 0.4}}
		{sequence "open" {speed 0.5}{resume}}
		{sequence "open1" {speed 0.5}{resume}}
		{sequence "wheels" {speed 3}{resume}}
	}
	{bone "basis"
		{parameters "steermax=15;"}
		{orientation
			1 	 0 	 0
			0 	 -1 	 0
			0 	 0 	 1
		}
		{bone "pivot_back"
			{Position -120.742 	 -0.0132 	 37.597}
			{bone revolute "steer_back"
				{parameters "id=body;"}
				{Position -0.1572 	 -0.0115 	 0.2638}
				{VolumeView "steer_back.ply"}
				{bone revolute "wheelback"
					{parameters "id=body;radius=0.2;support;"}
					{matrix34
						1 	 0 	 0
						0 	 0 	 -1
						0 	 1 	 0
						-3.9758 	 0.0111 	 -5.9343
					}
					{VolumeView "wheelback.ply"}
				}
			}
		}
		{bone "pivot_front"
			{parameters "main;"}
			{Position 40.5476 	 -0.3666 	 -7.5564}
			{bone "gear_r"
				{parameters "commonmesh;id=gear_r;"}
				{Position -7.6662 	 -47.5186 	 33.3094}
				{VolumeView "gear_r.ply"}
				{bone "fxtracer1"
					{matrix34
						-0.9833 	 0.0099 	 0.182
						0.1822 	 0.0536 	 0.9818
						0 	 0.9985 	 -0.0545
						3.2205 	 -1.05 	 -33.3616
					}
				}
				{bone revolute "wheel_r"
					{parameters "id=wheelr;radius=0.45;"}
					{matrix34
						1 	 0 	 0
						0 	 -0.0487 	 -0.9988
						0 	 0.9988 	 -0.0487
						2.3448 	 -1.2766 	 -24.4938
					}
					{VolumeView "wheel_r.ply"}
				}
			}
			{bone "gear_l"
				{parameters "commonmesh;id=gear_l;"}
				{Position -7.6662 	 47.3167 	 33.3094}
				{VolumeView "gear_l.ply"}
				{bone "fxtracel1"
					{matrix34
						-0.9833 	 -0.0096 	 0.182
						0.1822 	 -0.0517 	 0.9819
						0 	 0.9986 	 0.0526
						3.2205 	 3.1972 	 -33.3779
					}
				}
				{bone revolute "wheel_l"
					{parameters "id=wheell;radius=0.45;"}
					{matrix34
						1 	 0 	 0
						0 	 0.0487 	 -0.9988
						0 	 0.9988 	 0.0487
						2.3448 	 1.865 	 -24.4938
					}
					{VolumeView "wheel_l.ply"}
				}
			}
			{bone "support2"
				{matrix34
					1 	 0 	 0
					0 	 -0.0526 	 0.9986
					0 	 -0.9986 	 -0.0526
					-5.2835 	 49.9552 	 -0.2499
				}
			}
			{bone "support1"
				{matrix34
					1 	 0 	 0
					0 	 0.0545 	 0.9985
					0 	 -0.9985 	 0.0545
					-5.2835 	 -49.222 	 -0.2499
				}
			}
		}
		{bone "body"
			{parameters "id=body;"}
			{Position -26.3485 	 1.5948 	 45.4376}
			{VolumeView "body.ply"}
			{bone revolute "elevator2"
				{parameters "id=body;"}
				{limits -30 30}
				{speed 0.1}
				{matrix34
					1 	 0 	 0
					0 	 0 	 1
					0 	 -1 	 0
					-109.293 	 -22.7593 	 3.9465
				}
				{VolumeView "elevator2.ply"}
			}
			{bone "shooter_bb01"
				{Position 51.6347 	 -5.6445 	 -21.2475}
			}
			{bone "shooter_bb00"
				{Position 51.6347 	 2.5668 	 -21.2475}
			}
			{bone "gunner"
				{matrix34
					-1 	 0 	 0
					0 	 -1 	 0
					0 	 0 	 1
					39.6336 	 -1.7157 	 -13.9971
				}
			}
			{bone revolute "rudder2"
				{parameters "id=body;"}
				{limits -20 20}
				{speed 0.1}
				{Position -109.332 	 -45.0968 	 7.8952}
				{VolumeView "rudder2.ply"}
			}
			{bone "emit2"
				{matrix34
					-0.2551 	 -0.9636 	 0.0804
					0.9314 	 -0.2672 	 -0.247
					0.2595 	 0.0119 	 0.9657
					-16.0672 	 19.6206 	 -35.7414
				}
			}
			{bone "seat01"
				{Matrix34
					-1 	 0 	 0
					0 	 -1 	 0
					0 	 0 	 1
					39.6336 	 -1.7157 	 -13.9971
				}
			}
			{bone "seat02"
				{Matrix34
					-1 	 0 	 0
					0 	 -1 	 0
					0 	 0 	 1
					39.6336 	 -1.7157 	 -13.9971
				}
			}
			{bone "seat03"
				{Matrix34
					-1 	 0 	 0
					0 	 -1 	 0
					0 	 0 	 1
					39.6336 	 -1.7157 	 -13.9971
				}
			}
			{bone "seat04"
				{Matrix34
					-1 	 0 	 0
					0 	 -1 	 0
					0 	 0 	 1
					39.6336 	 -1.7157 	 -13.9971
				}
			}
			{bone "seat05"
				{Matrix34
					-1 	 0 	 0
					0 	 -1 	 0
					0 	 0 	 1
					39.6336 	 -1.7157 	 -13.9971
				}
			}
			{bone "seat06"
				{Matrix34
					-1 	 0 	 0
					0 	 -1 	 0
					0 	 0 	 1
					39.6336 	 -1.7157 	 -13.9971
				}
			}
			{bone "seat07"
				{Matrix34
					-1 	 0 	 0
					0 	 -1 	 0
					0 	 0 	 1
					39.6336 	 -1.7157 	 -13.9971
				}
			}
			{bone "seat08"
				{Matrix34
					-1 	 0 	 0
					0 	 -1 	 0
					0 	 0 	 1
					39.6336 	 -1.7157 	 -13.9971
				}
			}
			{bone "seat09"
				{Matrix34
					-1 	 0 	 0
					0 	 -1 	 0
					0 	 0 	 1
					39.6336 	 -1.7157 	 -13.9971
				}
			}
			{bone "seat10"
				{Matrix34
					-1 	 0 	 0
					0 	 -1 	 0
					0 	 0 	 1
					39.6336 	 -1.7157 	 -13.9971
				}
			}
			{bone "seat11"
				{Matrix34
					-1 	 0 	 0
					0 	 -1 	 0
					0 	 0 	 1
					39.6336 	 -1.7157 	 -13.9971
				}
			}
			{bone "seat12"
				{Matrix34
					-1 	 0 	 0
					0 	 -1 	 0
					0 	 0 	 1
					39.6336 	 -1.7157 	 -13.9971
				}
			}
			{bone "driver"
				{Position 75.7099 	 -1.7157 	 -14.3156}
			}
			{bone "emit1"
				{matrix34
					-0.2551 	 -0.9636 	 0.0804
					0.9314 	 -0.2672 	 -0.247
					0.2595 	 0.0119 	 0.9657
					-3.5325 	 19.6206 	 -38.5642
				}
			}
			{bone "visor"
				{matrix34
					1 	 0 	 0
					0 	 0.9999 	 0.0119
					0 	 -0.0119 	 0.9999
					88.503 	 -1.5503 	 8.2011
				}
			}
			{bone revolute "gun_rot1"
				{limits -7.5 7.5}
				{Position 115.691 	 -1.8764 	 -6.387}
				{bone revolute "gun_rot2"
					{limits -25 5}
					{matrix34
						1 	 0 	 0
						0 	 0 	 1
						0 	 -1 	 0
						0 	 0 	 0
					}
					{bone "foresight1"
						{Position 1.8289 	 -5.8842 	 0.055}
					}
					{bone "foresight4"
						{Position 1.458 	 5.7579 	 0.1126}
					}
					{bone "shooter_mg00"
						{Position 2.0846 	 3.1492 	 -3.6562}
					}
					{bone "shooter_mg01"
						{Position 1.91 	 3.195 	 3.1093}
					}
					{bone "shooter_mg02"
						{Position 0.2105 	 7.038 	 -2.0645}
					}
					{bone "shooter_mg03"
						{Position 2.6473 	 6.9379 	 1.6085}
					}
					{bone "shooter00"
						{Position 0.112 	 -6.0919 	 -3.1318}
					}
					{bone "shooter01"
						{Position 0.112 	 -6.0677 	 2.5947}
					}
				}
			}
			{bone "cockpitback"
				{parameters "id=body;"}
				{matrix34
					0 	 1 	 0
					-1 	 0 	 0
					0 	 0 	 1
					37.3476 	 -10.0924 	 2.5507
				}
				{VolumeView "cockpitback.ply"}
			}
			{bone "cockpitr"
				{parameters "id=body;"}
				{matrix34
					0 	 1 	 0
					-1 	 0 	 0
					0 	 0 	 1
					70.3768 	 -9.8047 	 2.3916
				}
				{VolumeView "cockpitr.ply"}
			}
			{bone "cockpitl"
				{parameters "id=body;"}
				{matrix34
					0 	 1 	 0
					-1 	 0 	 0
					0 	 0 	 1
					70.9829 	 6.2601 	 2.3596
				}
				{VolumeView "cockpitl.ply"}
			}
			{bone "cockpit_top"
				{parameters "id=body;"}
				{matrix34
					0 	 1 	 0
					-1 	 0 	 0
					0 	 0 	 1
					61.3675 	 -1.6415 	 12.6628
				}
				{VolumeView "cockpit_top.ply"}
			}
			{bone "cannon"
				{parameters "id=body;"}
				{matrix34
					1 	 0 	 0
					0 	 0 	 1
					0 	 -1 	 0
					108.809 	 -3.4928 	 0.575
				}
				{VolumeView "cannon.ply"}
			}
			{bone "antenna"
				{parameters "id=body;"}
				{Position 46.6373 	 -1.6669 	 20.0226}
				{VolumeView "antenna.ply"}
			}
			{bone revolute "rudder1"
				{parameters "id=body;"}
				{limits -20 20}
				{speed 0.1}
				{Position -109.332 	 41.3686 	 7.8952}
				{VolumeView "rudder1.ply"}
			}
			{bone revolute "elevator1"
				{parameters "id=body;"}
				{limits -30 30}
				{speed 0.1}
				{matrix34
					1 	 0 	 0
					0 	 0 	 1
					0 	 -1 	 0
					-109.293 	 19.4785 	 3.9465
				}
				{VolumeView "elevator1.ply"}
			}
			{bone "cockpit"
				{parameters "id=body;"}
				{Position 54.1995 	 -1.6413 	 7.5684}
				{VolumeView "cockpit.ply"}
			}
			{bone "bomb_01"
				{Position 54.031 	 -5.643 	 -21.2475}
				{LODView
					{VolumeView "bomb_01.ply"}
					{VolumeView "bomb_01_lod1.ply"}
				}
			}
			{bone "bomb_00"
				{Position 54.031 	 2.5093 	 -21.2475}
				{LODView
					{VolumeView "bomb_00.ply"}
					{VolumeView "bomb_00_lod1.ply"}
				}
			}
			{bone "wingl1"
				{parameters "id=wingleft;"}
				{VolumeView "wingl1.ply"}
				{bone "bomb00"
					{Position 46.2292 	 85.6712 	 -13.5684}
					{LODView
						{VolumeView "bomb00.ply"}
						{VolumeView "bomb00_lod1.ply"}
					}
				}
				{bone "bomb01"
					{Position 46.2292 	 79.8699 	 -14.1163}
					{LODView
						{VolumeView "bomb01.ply"}
						{VolumeView "bomb01_lod1.ply"}
					}
				}
				{bone "wingl2"
					{parameters "id=wingleft;"}
					{Position 37.4099 	 122.252 	 -6.5218}
					{VolumeView "wingl2.ply"}
					{bone revolute "aileron1"
						{parameters "id=wingleft;"}
						{limits -30 30}
						{speed 0.1}
						{matrix34
							0.9903 	 -0.1387 	 -0.0105
							0 	 -0.0758 	 0.9971
							-0.1391 	 -0.9874 	 -0.0751
							-8.7232 	 1.4052 	 0.533
						}
						{VolumeView "aileron1.ply"}
					}
				}
				{bone "engine1"
					{parameters "id=engine1;"}
					{VolumeView "engine1.ply"}
					{bone "fxsmoke2"
						{matrix34
							-0.5736 	 0 	 -0.8192
							0.8192 	 0 	 -0.5736
							0 	 -1 	 0
							87.163 	 36.0651 	 -15.3407
						}
					}
					{bone "fxsmoke4"
						{matrix34
							-0.5736 	 0 	 -0.8192
							0.8192 	 0 	 -0.5736
							0 	 -1 	 0
							78.9168 	 35.2065 	 -15.5743
						}
					}
					{bone "fxsmoke6"
						{matrix34
							-0.5736 	 0 	 -0.8192
							0.8192 	 0 	 -0.5736
							0 	 -1 	 0
							70.2314 	 34.2825 	 -16.8319
						}
					}
					{bone "fxsmoke5"
						{matrix34
							-0.5736 	 0 	 0.8192
							0.8192 	 0 	 0.5736
							0 	 1 	 0
							69.8991 	 56.0734 	 -8.7655
						}
					}
					{bone "fxsmoke3"
						{matrix34
							-0.5736 	 0 	 0.8192
							0.8192 	 0 	 0.5736
							0 	 1 	 0
							78.4724 	 55.3137 	 -9.9156
						}
					}
					{bone "fxsmoke1"
						{matrix34
							-0.5736 	 0 	 0.8192
							0.8192 	 0 	 0.5736
							0 	 1 	 0
							86.7924 	 54.4385 	 -10.3
						}
					}
					{bone revolute "propeller1"
						{parameters "commonmesh;id=propeller1;"}
						{matrix34
							0 	 1 	 0
							-1 	 0 	 0
							0 	 0 	 1
							98.0268 	 44.8635 	 -10.5574
						}
						{VolumeView "propeller1.ply"}
					}
					{bone revolute "propeller1_work"
						{parameters "commonmesh;id=propeller1;"}
						{matrix34
							0 	 1 	 0
							-1 	 0 	 0
							0 	 0 	 1
							98.0267 	 44.8635 	 -10.5574
						}
						{visibility 0}
						{VolumeView "propeller1_work.ply"}
					}
					{bone "door_left1"
						{parameters "id=engine1;"}
						{matrix34
							-0.0802 	 0.9967 	 0.01
							-0.9949 	 -0.0794 	 -0.0619
							-0.0609 	 -0.0149 	 0.998
							43.0355 	 52.3904 	 -20.7801
						}
						{VolumeView "door_left1.ply"}
					}
					{bone "door_left2"
						{parameters "id=engine1;"}
						{matrix34
							-0.0802 	 -0.9967 	 0.01
							-0.9949 	 0.0794 	 -0.0619
							-0.0609 	 0.0149 	 0.998
							43.0355 	 37.8944 	 -20.7801
						}
						{VolumeView "door_left2.ply"}
					}
					{bone "exhausts1"
						{parameters "id=engine1;"}
						{matrix34
							-1 	 0 	 0
							0 	 0 	 1
							0 	 1 	 0
							78.6395 	 -1.4917 	 -12.8776
						}
						{VolumeView "exhausts1.ply"}
					}
					{bone "fxtracem1"
						{matrix34
							-0.9833 	 -0.0022 	 0.1822
							0.1822 	 -0.0117 	 0.9832
							0 	 0.9999 	 0.0119
							43.966 	 44.8636 	 -53.2438
						}
					}
				}
				{bone "shooter_b01"
					{Position 44.5687 	 79.77 	 -14.1162}
				}
				{bone "shooter_b00"
					{Position 44.5687 	 85.5776 	 -13.5684}
				}
			}
			{bone "wingr1"
				{parameters "id=wingright;"}
				{VolumeView "wingr1.ply"}
				{bone "wingr2"
					{parameters "id=wingright;"}
					{Position 36.915 	 -125.895 	 -6.4496}
					{VolumeView "wingr2.ply"}
					{bone revolute "aileron2"
						{parameters "id=wingright;"}
						{limits -30 30}
						{speed 0.1}
						{matrix34
							0.9886 	 0.1507 	 0
							0.0098 	 -0.0644 	 -0.9979
							-0.1504 	 0.9865 	 -0.0651
							-8.2358 	 -0.7807 	 0.4585
						}
						{VolumeView "aileron2.ply"}
					}
				}
				{bone "engine2"
					{parameters "id=engine2;"}
					{VolumeView "engine2.ply"}
					{bone "supercharger_intake"
						{parameters "id=engine2;"}
						{matrix34
							0 	 1 	 0
							-1 	 0 	 0
							0 	 0 	 1
							25.3379 	 -127.915 	 -27.5126
						}
						{VolumeView "supercharger_intake.ply"}
					}
					{bone revolute "propeller2_work"
						{parameters "commonmesh;id=propeller2;"}
						{matrix34
							0 	 0.4082 	 0.9129
							-1 	 0 	 0
							0 	 -0.9129 	 0.4082
							98.0268 	 -48.1138 	 -10.5574
						}
						{visibility 0}
						{VolumeView "propeller2_work.ply"}
					}
					{bone revolute "propeller2"
						{parameters "commonmesh;id=propeller2;"}
						{matrix34
							0 	 0.464 	 0.8858
							-1 	 0 	 0
							0 	 -0.8858 	 0.464
							98.0268 	 -48.1138 	 -10.5574
						}
						{VolumeView "propeller2.ply"}
					}
					{bone "fxsmoke8"
						{matrix34
							-0.5736 	 0 	 -0.8192
							0.8192 	 0 	 -0.5736
							0 	 -1 	 0
							87.163 	 -38.8463 	 -15.3935
						}
					}
					{bone "fxsmoke12"
						{matrix34
							-0.5736 	 0 	 -0.8192
							0.8192 	 0 	 -0.5736
							0 	 -1 	 0
							70.2314 	 -37.1913 	 -16.8403
						}
					}
					{bone "fxsmoke10"
						{matrix34
							-0.5736 	 0 	 -0.8192
							0.8192 	 0 	 -0.5736
							0 	 -1 	 0
							78.832 	 -38.0315 	 -15.5012
						}
					}
					{bone "fxsmoke9"
						{matrix34
							-0.5736 	 0 	 0.8192
							0.8192 	 0 	 0.5736
							0 	 1 	 0
							78.9114 	 -57.9273 	 -10.2162
						}
					}
					{bone "fxsmoke7"
						{matrix34
							-0.5736 	 0 	 0.8192
							0.8192 	 0 	 0.5736
							0 	 1 	 0
							87.0806 	 -57.1176 	 -10.4689
						}
					}
					{bone "fxsmoke11"
						{matrix34
							-0.5736 	 0 	 0.8192
							0.8192 	 0 	 0.5736
							0 	 1 	 0
							69.79 	 -58.8505 	 -8.9335
						}
					}
					{bone "exhausts2"
						{parameters "id=engine2;"}
						{matrix34
							-1 	 0 	 0
							0 	 0 	 1
							0 	 1 	 0
							78.6395 	 -1.4917 	 -12.8776
						}
						{VolumeView "exhausts2.ply"}
					}
					{bone "door_right2"
						{parameters "id=engine2;"}
						{matrix34
							-0.0802 	 -0.9967 	 0.01
							-0.9949 	 0.0794 	 -0.0619
							-0.0609 	 0.0149 	 0.998
							43.0355 	 -55.7662 	 -20.7801
						}
						{VolumeView "door_right2.ply"}
					}
					{bone "door_right1"
						{parameters "id=engine2;"}
						{matrix34
							-0.0802 	 0.9967 	 0.01
							-0.9949 	 -0.0794 	 -0.0619
							-0.0609 	 -0.0149 	 0.998
							43.0355 	 -41.2703 	 -20.7801
						}
						{VolumeView "door_right1.ply"}
					}
					{bone "fxtracem2"
						{matrix34
							-0.9833 	 -0.0022 	 0.1822
							0.1822 	 -0.0117 	 0.9832
							0 	 0.9999 	 0.0119
							43.966 	 -48.1138 	 -53.2438
						}
					}
				}
				{bone "bomb02"
					{Position 46.2292 	 -84.0137 	 -14.5265}
					{LODView
						{VolumeView "bomb02.ply"}
						{VolumeView "bomb02_lod1.ply"}
					}
				}
				{bone "bomb03"
					{Position 46.2292 	 -89.9693 	 -13.6239}
					{LODView
						{VolumeView "bomb03.ply"}
						{VolumeView "bomb03_lod1.ply"}
					}
				}
				{bone "shooter_b02"
					{Position 44.5687 	 -84.1054 	 -14.5265}
				}
				{bone "shooter_b03"
					{Position 44.5687 	 -90.0496 	 -13.6239}
				}
			}
			{bone "barrel01"
				{matrix34
					1 	 0 	 0
					0 	 0 	 1
					0 	 -1 	 0
					115.803 	 -4.4711 	 -12.4548
				}
			}
			{bone "barrel00"
				{matrix34
					1 	 0 	 0
					0 	 0 	 1
					0 	 -1 	 0
					115.803 	 1.2554 	 -12.4789
				}
			}
			{bone "barrel_mg03"
				{matrix34
					1 	 0 	 0
					0 	 0 	 1
					0 	 -1 	 0
					118.338 	 -3.4848 	 0.5532
				}
			}
			{bone "barrel_mg02"
				{matrix34
					1 	 0 	 0
					0 	 0 	 1
					0 	 -1 	 0
					115.901 	 0.1881 	 0.651
				}
			}
			{bone "barrel_mg01"
				{matrix34
					1 	 0 	 0
					0 	 0 	 1
					0 	 -1 	 0
					117.601 	 -4.9857 	 -3.192
				}
			}
			{bone "barrel_mg00"
				{matrix34
					1 	 0 	 0
					0 	 0 	 1
					0 	 -1 	 0
					117.775 	 1.7798 	 -3.2379
				}
			}
			{bone revolute "mgun_rot1"
				{limits -40 40}
				{terminator}
				{matrix34
					-0.8396 	 0 	 0.5433
					0 	 -1 	 0
					0.5433 	 0 	 0.8396
					20.5019 	 -1.5387 	 9.8215
				}
				{bone revolute "mg"
					{parameters "id=body;"}
					{limits -34 34}
					{matrix34
						1 	 0 	 0
						0 	 0 	 1
						0 	 -1 	 0
						0 	 0 	 0
					}
					{VolumeView "mg.ply"}
					{bone "foresight6"
						{matrix34
							1 	 0 	 0
							0 	 1 	 0
							0 	 0 	 1
							7.1415 	 -0.0868 	 -0.0682
						}
					}
				}
			}
		}
	}
}
{obstacle "rectangle1"
	{obb2
		{center -144.441 -0.21965}
		{extent 14.0452 43.2815}
		{axis 1 0}
	}
	{rotate}
	{rotate}
}
{obstacle "rectangle2"
	{obb2
		{center -38.6805 -0}
		{extent 92.3579 6.93105}
		{axis 1 0}
	}
	{rotate}
	{rotate}
}
{obstacle "rectangle3"
	{obb2
		{center 1.99023 0}
		{extent 26.0105 126.008}
		{axis 1 0}
	}
	{rotate}
	{rotate}
}
{obstacle "rectangle4"
	{obb2
		{center 39.8854 -47.2849}
		{extent 12.1744 7.66768}
		{axis 1 0}
	}
	{rotate}
	{rotate}
}
{obstacle "rectangle5"
	{obb2
		{center 39.8853 46.2577}
		{extent 12.1744 7.66766}
		{axis 1 0}
	}
	{rotate}
	{rotate}
}
{volume "1blade1"
	{box 6.35309 33.7371 3.28608}
	{bone "propeller1"}
	{matrix34
		0.5 	 0 	 -0.866
		0.866 	 0 	 0.5
		0 	 -1 	 0
		-18.2746 	 2.7265 	 -10.8356
	}
}
{volume "1blade2"
	{box 6.35309 33.7371 3.28608}
	{bone "propeller1"}
	{matrix34
		1 	 0 	 0
		0 	 0 	 1
		0 	 -1 	 0
		-0.0343 	 2.7265 	 21.2053
	}
}
{volume "1blade3"
	{box 6.35309 33.7371 3.28608}
	{bone "propeller1"}
	{matrix34
		-0.5 	 0 	 -0.866
		0.866 	 0 	 -0.5
		0 	 -1 	 0
		18.79 	 2.7265 	 -10.6229
	}
}
{volume "2blade1"
	{box 6.35309 33.7371 3.28608}
	{bone "propeller2"}
	{matrix34
		-0.5351 	 0 	 -0.8448
		0.8448 	 0 	 -0.5351
		0 	 -1 	 0
		18.4874 	 2.7264 	 -10.3767
	}
}
{volume "2blade2"
	{box 6.35309 33.7371 3.28608}
	{bone "propeller2"}
	{matrix34
		0.464 	 0 	 -0.8858
		0.8858 	 0 	 0.464
		0 	 -1 	 0
		-18.3331 	 2.7264 	 -10.9652
	}
}
{volume "2blade3"
	{box 6.35309 33.7371 3.28608}
	{bone "propeller2"}
	{matrix34
		-0.9992 	 0 	 0.041
		-0.041 	 0 	 -0.9992
		0 	 -1 	 0
		0.0634 	 2.7264 	 20.5286
	}
}
{volume "aileron1"
	{box 8.38375 69.3895 2.17978}
	{bone "aileron1"}
	{matrix34
		0.9969 	 -0.0655 	 0.044
		0.0427 	 -0.022 	 -0.9988
		0.0664 	 0.9976 	 -0.0192
		-4.2947 	 0.8558 	 0.0232
	}
}
{volume "aileron2"
	{box 8.38375 69.3895 2.17978}
	{bone "aileron2"}
	{matrix34
		0.9965 	 -0.0808 	 0.0217
		-0.0228 	 -0.0126 	 0.9997
		-0.0805 	 -0.9967 	 -0.0144
		-4.5633 	 -0.9014 	 0.0057
	}
}
{volume "body1"
	{polyhedron "body1.vol"}
	{bone "body"}
	{matrix34
		1 	 0 	 0
		0 	 0 	 1
		0 	 -1 	 0
		0.0605 	 2.9274 	 -4.5332
	}
}
{volume "canopy"
	{polyhedron "canopy.vol"}
	{bone "cockpit"}
	{matrix34
		1 	 0 	 0
		0 	 0 	 1
		0 	 -1 	 0
		0.5301 	 4.5964 	 0.2043
	}
}
{volume "elevator1"
	{box 10.7449 36.1868 2.22308}
	{bone "elevator1"}
	{matrix34
		1 	 0 	 0
		0 	 0 	 -1
		0 	 1 	 0
		-5.0492 	 0.6999 	 -2.4348
	}
}
{volume "elevator2"
	{box 10.7449 36.1868 2.22308}
	{bone "elevator2"}
	{matrix34
		1 	 0 	 0
		0 	 0 	 -1
		0 	 1 	 0
		-5.0492 	 0.6998 	 3.0675
	}
}
{volume "engine1"
	{polyhedron "engine1.vol"}
	{bone "engine1"}
	{matrix34
		1 	 0 	 0
		0 	 0 	 1
		0 	 -1 	 0
		59.4542 	 52.6659 	 -11.2809
	}
}
{volume "engine2"
	{polyhedron "engine2.vol"}
	{bone "engine2"}
	{matrix34
		1 	 0 	 0
		0 	 0 	 1
		0 	 -1 	 0
		59.4542 	 -47.4316 	 -11.2809
	}
}
{volume "gear_l"
	{cylinder 1.58283 23.9286}
	{bone "gear_l"}
	{matrix34
		0.9952 	 -0.0049 	 0.0976
		0 	 0.9988 	 0.0499
		-0.0977 	 -0.0497 	 0.994
		0.9584 	 -4.3733 	 -13.9969
	}
}
{volume "gear_r"
	{cylinder 1.58283 23.9286}
	{bone "gear_r"}
	{matrix34
		0.9952 	 0 	 0.0977
		0 	 1 	 0
		-0.0977 	 0 	 0.9952
		0.9584 	 4.7678 	 -13.9821
	}
}
{volume "rudder1"
	{box 11.3082 34.2345 2.0138}
	{bone "rudder1"}
	{matrix34
		1 	 0 	 0
		0 	 0 	 1
		0 	 -1 	 0
		-4.855 	 0.3956 	 0.1617
	}
}
{volume "rudder2"
	{box 11.3082 34.2345 2.0138}
	{bone "rudder2"}
	{matrix34
		1 	 0 	 0
		0 	 0 	 1
		0 	 -1 	 0
		-4.855 	 0.051 	 0.1617
	}
}
{volume "spin1"
	{cylinder 37.3584 8.76288}
	{bone "propeller1_work"}
	{matrix34
		1 	 0 	 0
		0 	 0 	 1
		0 	 -1 	 0
		0.0056 	 2.9169 	 -0.0619
	}
}
{volume "spin2"
	{cylinder 37.3584 8.76288}
	{bone "propeller2_work"}
	{matrix34
		0.4082 	 0 	 -0.9129
		0.9129 	 0 	 0.4082
		0 	 -1 	 0
		-0.097 	 2.917 	 0.0293
	}
}
{volume "stabilizer1"
	{box 17.8155 85.9335 2.44526}
	{bone "body"}
	{Position -99.7093 	 -1.6197 	 3.9762}
}
{volume "stabilizer2"
	{box 14.5613 32.8404 2.0138}
	{bone "body"}
	{matrix34
		1 	 0 	 0
		0 	 0 	 1
		0 	 -1 	 0
		-101.461 	 -44.8561 	 6.9269
	}
}
{volume "stabilizer3"
	{box 14.5613 32.8404 2.0138}
	{bone "body"}
	{matrix34
		1 	 0 	 0
		0 	 0 	 1
		0 	 -1 	 0
		-101.461 	 41.8438 	 6.9269
	}
}
{volume "wheelback"
	{cylinder 4.27755 2.5894}
	{bone "wheelback"}
	{matrix34
		-1 	 0 	 0
		0 	 -1 	 0
		0 	 0 	 1
		-0.017 	 -0.1093 	 0.2575
	}
}
{volume "wheell"
	{cylinder 9.26004 5.42938}
	{bone "wheel_l"}
	{matrix34
		-1 	 0 	 0
		0 	 -1 	 0.0027
		0 	 0.0027 	 1
		0.099 	 -0.0392 	 0.0587
	}
}
{volume "wheelr"
	{cylinder 9.26004 5.42938}
	{bone "wheel_r"}
	{matrix34
		-1 	 0 	 0
		0 	 -0.9995 	 0.0301
		0 	 0.0301 	 0.9995
		0.099 	 -0.0149 	 0.0194
	}
}
{volume "wingl1"
	{polyhedron "wingl1.vol"}
	{bone "wingl1"}
	{Position 33.2421 	 47.4212 	 -12.1315}
}
{volume "wingl2"
	{polyhedron "wingl2.vol"}
	{bone "wingl2"}
	{Position -0.8493 	 2.56 	 1.3618}
}
{volume "wingr1"
	{polyhedron "wingr1.vol"}
	{bone "wingr1"}
	{Position 33.242 	 -50.7495 	 -9.514}
}
{volume "wingr2"
	{polyhedron "wingr2.vol"}
	{bone "wingr2"}
	{Position -0.3545 	 -2.1795 	 1.2895}
}
