;Exported by:	 marc-
;Date:			 14.02.2023 22:06:12
;File:			 G:\Programs\GIT\goh-3d-environment-west3\3d_fortifications\bunk1.max
{skeleton
	{bone "basis"
		{Position 0	0	-3}
        {orientation
			1 	 0 	 0
			0 	 -1 	 0
			0 	 0 	 1
		}
		{bone "land"
			{parameters "land;rotate;"}
			{Position -1.8356 	 7.1647 	 29.9422}
			{visibility 0}
			{VolumeView "land.ply"}
		}
		{bone "foundation"
			{matrix34
				0.9898 	 -0.1376 	 0.0358
				0.1351 	 0.9888 	 0.0641
				-0.0442 	 -0.0586 	 0.9973
				-6.4191 	 12.0719 	 26.883
			}
			{VolumeView "foundation.ply"}
		}
		{bone "p01"
			{Position 78.3335 	 16.9157 	 49.6381}
		}
		{bone "p02"
			{Position 1.189 	 -71.3109 	 49.6381}
		}
		{bone "p03"
			{Position -83.441 	 -4.5516 	 49.6381}
		}
		{bone "p04"
			{Position -3.025 	 66.435 	 61.6636}
		}
	}
}
{obstacle "body01"
	{obb2
		{center -1.22754 -90.2088}
		{extent 57.0399 26.9073}
		{axis 1 0}
	}
	{rotate}
	{Tags "body"}
}
{obstacle "body02"
	{obb2
		{center -98.0497 -78.5927}
		{extent 10.1076 38.1697}
		{axis 1 0}
	}
	{rotate}
	{Tags "body"}
}
{obstacle "body03"
	{obb2
		{center 94.428 -78.4784}
		{extent 10.1076 38.2839}
		{axis 1 0}
	}
	{rotate}
	{Tags "body"}
}
{obstacle "body04"
	{obb2
		{center -3.08627 73.7195}
		{extent 34.4883 28.2776}
		{axis 1 0}
	}
	{rotate}
	{Tags "body"}
}
{obstacle "body05"
	{obb2
		{center 51.353 49.1776}
		{extent 25.887 49.3181}
		{axis 0.682302 0.73107}
	}
	{rotate}
	{Tags "body"}
}
{obstacle "body06"
	{obb2
		{center -57.002 47.5538}
		{extent 49.3169 25.8848}
		{axis 0.743393 0.668854}
	}
	{rotate}
	{Tags "body"}
}
{obstacle "body07"
	{obb2
		{center 79.1336 -5.77788}
		{extent 25.7097 34.4883}
		{axis 1 0}
	}
	{rotate}
	{Tags "body"}
}
{obstacle "body08"
	{obb2
		{center -82.6946 -5.77788}
		{extent 25.7098 34.4883}
		{axis 1 0}
	}
	{rotate}
	{Tags "body"}
}
{volume "body01"
	{polyhedron "body01.vol"}
	{bone "foundation"}
	{matrix34
		0.9898 	 0.1351 	 -0.0442
		-0.1376 	 0.9888 	 -0.0586
		0.0358 	 0.0641 	 0.9973
		-6.4353 	 75.2392 	 -31.5612
	}
}
{volume "body02"
	{polyhedron "body02.vol"}
	{bone "foundation"}
	{matrix34
		0.9898 	 0.1351 	 -0.0442
		-0.1376 	 0.9888 	 -0.0586
		0.0358 	 0.0641 	 0.9973
		-102.364 	 62.8025 	 -27.3186
	}
}
{volume "body03"
	{polyhedron "body03.vol"}
	{bone "foundation"}
	{matrix34
		0.9898 	 0.1351 	 -0.0442
		-0.1376 	 0.9888 	 -0.0586
		0.0358 	 0.0641 	 0.9973
		88.1587 	 88.8095 	 -35.8287
	}
}
{volume "body04"
	{polyhedron "body04.vol"}
	{bone "foundation"}
	{matrix34
		0.9898 	 0.1351 	 -0.0442
		-0.1376 	 0.9888 	 -0.0586
		0.0358 	 0.0641 	 0.9973
		13.5614 	 -81.9382 	 -22.1755
	}
}
{volume "body05"
	{polyhedron "body05.vol"}
	{bone "foundation"}
	{matrix34
		0.6307 	 0.7726 	 -0.0723
		-0.7752 	 0.6316 	 -0.0128
		0.0358 	 0.0641 	 0.9973
		50.0343 	 -61.6068 	 -24.7915
	}
}
{volume "body06"
	{polyhedron "body06.vol"}
	{bone "foundation"}
	{matrix34
		0.8272 	 -0.5619 	 0.0064
		0.5608 	 0.8247 	 -0.0731
		0.0358 	 0.0641 	 0.9973
		-51.2468 	 -53.5785 	 -21.6723
	}
}
{volume "body07"
	{polyhedron "body07.vol"}
	{bone "foundation"}
	{matrix34
		-0.1376 	 0.9888 	 -0.0586
		-0.9898 	 -0.1351 	 0.0442
		0.0358 	 0.0641 	 0.9973
		82.9632 	 3.3913 	 -30.1515
	}
}
{volume "body08"
	{polyhedron "body08.vol"}
	{bone "foundation"}
	{matrix34
		0.1376 	 -0.9888 	 0.0586
		0.9898 	 0.1351 	 -0.0442
		0.0358 	 0.0641 	 0.9973
		-73.9728 	 -18.031 	 -23.1416
	}
}
