;MDL File generated by SOEdit Version Next (v0.7m4)
;Model created by: Carlos
;Date: 06.08.2018 12:07:29
;File: T:\GoH_3D_environment_export\3d_environment\_military\fortifications\sandbags_new\smart_set\sandbag_framed_curved.max
;Model create/rebuild by: ce2
;Last build date: Monday 6 July 2025 [22:39:59]
{Skeleton
    {Bone "basis"
        {Orientation
            0.7071	0.7071	0
            0.7071	-0.7071	0
            0	0	1
        }
        {Bone "piece03"
            {Parameters "id=body;"}
            {Position 3.8597	8.5038	0}
            {VolumeView "piece03.ply"}
        }
        {Bone "piece04"
            {Parameters "id=body;"}
            {Matrix34
                0	-1	0
                0	0	1
                -1	0	0
                5.4659	-0.7119	23.7715
            }
            {VolumeView "piece04.ply"}
        }
        {Bone "piece01"
            {Parameters "id=body;"}
            {Position -2.0557	-23.1168	0}
            {VolumeView "piece01.ply"}
        }
        {Bone "piece02"
            {Parameters "id=body;"}
            {Matrix34
                0.4226	0.9063	0
                0	0	1
                0.9063	-0.4226	0
                -1.3823	-24.5075	23.8114
            }
            {VolumeView "piece02.ply"}
        }
        {Bone "piece05"
            {Parameters "id=body;"}
            {Matrix34
                0.9063	0.4226	0
                -0.4226	0.9063	0
                0	0	1
                4.4378	14.7591	0
            }
            {VolumeView "piece05.ply"}
        }
        {Bone "piece06"
            {Parameters "id=body;"}
            {Matrix34
                0.4226	-0.9063	0
                0	0	1
                -0.9063	-0.4226	0
                -0.7662	24.0681	12.5048
            }
            {VolumeView "piece06.ply"}
        }
        {Bone "piece15"
            {Parameters "id=body;"}
            {Matrix34
                -0.4226	0.9063	0
                0	0	1
                0.9063	0.4226	0
                -0.7047	23.9716	18.1307
            }
            {VolumeView "piece15.ply"}
        }
        {Bone "base"
            {Matrix34
                0.9874	-0.1581	0
                0.1581	0.9874	0
                0	0	1
                1.0407	-43.0618	2.2101
            }
            {VolumeView "base.ply"}
        }
        {Bone "piece13"
            {Parameters "id=body;"}
            {Matrix34
                0.9697	-0.2444	0
                0.2444	0.9697	0
                0	0	1
                16.7553	5.5161	8.4969
            }
            {VolumeView "piece13.ply"}
        }
        {Bone "piece14"
            {Parameters "id=body;"}
            {Matrix34
                0.9704	0.2414	0
                -0.2414	0.9704	0
                0	0	1
                5.4253	34.6133	16.247
            }
            {VolumeView "piece14.ply"}
        }
        {Bone "piece07"
            {Parameters "id=body;"}
            {Matrix34
                1	-0.0016	0
                0.0016	1	0
                0	0	1
                11.6637	25.7247	9.5866
            }
            {VolumeView "piece07.ply"}
        }
        {Bone "piece08"
            {Parameters "id=body;"}
            {Matrix34
                0.9697	-0.2444	0
                0.2444	0.9697	0
                0	0	1
                16.2273	-8.0632	20.0674
            }
            {VolumeView "piece08.ply"}
        }
        {Bone "piece09"
            {Parameters "id=body;"}
            {Matrix34
                0.9595	-0.2817	0
                0.2817	0.9595	0
                0	0	1
                2.9767	-37.1023	11.8162
            }
            {VolumeView "piece09.ply"}
        }
        {Bone "piece10"
            {Parameters "id=body;"}
            {Matrix34
                0.9595	-0.2817	0
                0.2817	0.9595	0
                0	0	1
                14.1431	-25.8437	19.2241
            }
            {VolumeView "piece10.ply"}
        }
        {Bone "piece11"
            {Parameters "id=body;"}
            {Matrix34
                0.9704	0.2414	0
                -0.2414	0.9704	0
                0	0	1
                11.0333	17.0643	20.5964
            }
            {VolumeView "piece11.ply"}
        }
        {Bone "piece12"
            {Parameters "id=body;"}
            {Matrix34
                0.9697	-0.2444	0
                0.2444	0.9697	0
                0	0	1
                11.6303	-10.5353	13.2443
            }
            {VolumeView "piece12.ply"}
        }
    }
}
{Volume "piece01"
    {Box 25.2973 12.2009 1.29376}
    {Bone "piece01"}
    {Matrix34
        0.41	0.9121	0
        0	0	1
        0.9121	-0.41	0
        0.7475	-1.7436	6.3584
    }
}
{Volume "piece02"
    {Box 25.2973 17.0245 1.29376}
    {Bone "piece02"}
    {Matrix34
        0.9999	0	-0.0139
        0	1	0
        0.0139	0	0.9999
        -0.3232	-4.6875	0.2499
    }
}
{Volume "piece03"
    {Box 25.2973 26.6718 1.29376}
    {Bone "piece03"}
    {Matrix34
        0	1	0
        0	0	1
        1	0	0
        -0.3015	-8.8982	13.8041
    }
}
{Volume "piece04"
    {Box 25.2973 5.73748 1.29376}
    {Bone "piece04"}
    {Matrix34
        -1	0	0
        0	1	0
        0	0	-1
        -0.3174	0.5502	1.9078
    }
}
{Volume "piece05"
    {Box 23.5265 26.3881 1.29376}
    {Bone "piece05"}
    {Matrix34
        0.0039	1	0
        0	0	1
        1	-0.0039	0
        -1.7188	10.9047	13.8041
    }
}
{Volume "piece06"
    {Box 25.4514 4.80368 1.29376}
    {Bone "piece06"}
    {Matrix34
        -1	0	-0.0039
        0	1	0
        0.0039	0	-1
        -0.1745	-0.0191	0.6014
    }
}
{Volume "piece07"
    {Box 16.6709 4.68527 10.5512}
    {Bone "piece07"}
    {Matrix34
        0.9595	-0.2817	0
        0	0	1
        -0.2817	-0.9595	0
        0.7933	-0.1007	0.1167
    }
}
{Volume "piece08"
    {Box 16.6709 4.37875 10.5512}
    {Bone "piece08"}
    {Matrix34
        -0.0511	-0.9987	0
        0	0	1
        -0.9987	0.0511	0
        0.3313	0.1557	0.179
    }
}
{Volume "piece09"
    {Box 19.7419 5.19033 11.5442}
    {Bone "piece09"}
    {Matrix34
        -0.3399	-0.9405	0
        0	0	1
        -0.9405	0.3399	0
        0.6928	-0.119	-0.0985
    }
}
{Volume "piece11"
    {Box 16.6709 4.37875 10.5512}
    {Bone "piece11"}
    {Matrix34
        -0.0511	-0.9987	0
        0	0	1
        -0.9987	0.0511	0
        0.9506	-0.9513	0.0951
    }
}
{Volume "piece12"
    {Box 21.9354 5.24276 12.4131}
    {Bone "piece12"}
    {Matrix34
        0.0647	-0.9979	0
        0	0	1
        -0.9979	-0.0647	0
        -0.5612	1.1438	-0.187
    }
}
{Volume "piece13"
    {Box 19.3032 5.24276 10.6753}
    {Bone "piece13"}
    {Matrix34
        0.0647	-0.9979	0
        0	0	1
        -0.9979	-0.0647	0
        0.2589	-0.445	-0.0952
    }
}
{Volume "piece14"
    {Box 16.6709 4.37875 10.5512}
    {Bone "piece14"}
    {Matrix34
        0.2113	-0.8533	0.4767
        -0.1415	0.4559	0.8787
        -0.9671	-0.2532	-0.0244
        0.5653	-0.2319	-0.2433
    }
}
{Volume "piece15"
    {Box 25.4514 5.85815 1.29376}
    {Bone "piece15"}
    {Matrix34
        1	0	0.0038
        0	1	0
        -0.0039	0	1
        0.576	-0.1353	0.513
    }
}
{Volume "piece_10"
    {Box 16.6709 4.37875 10.5512}
    {Bone "piece10"}
    {Matrix34
        0.0618	-0.9981	0
        0	0	1
        -0.9981	-0.0618	0
        -0.9023	0.2202	0.2157
    }
}
