;Exported by:	 Carlos
;Date:			 03.08.2018 13:50:05
;File:			 T:\GoH_3D_environment_export\3d_environment\_military\fortifications\sandbags_new\smart_set\sandbag_straight.max
{skeleton
	{bone "basis"
		{orientation
			1 	 0 	 0
			0 	 0 	 1
			0 	-1   0
		}
		{bone "piece03"
			{parameters "id=body;"}
			{Position 3.8918 	 -20.0532 	 14.1685}
			{VolumeView "piece03.ply"}
		}
		{bone "piece04"
			{parameters "id=body;"}
			{Position 3.4899 	 -26.3658 	 8.5756}
			{VolumeView "piece04.ply"}
		}
		{bone "piece05"
			{parameters "id=body;"}
			{matrix34
				0.998 	 0.0629 	 0
				-0.0629 	 0.998 	 0
				0 	 0 	 1
				2.2316 	 -4.7454 	 4.4384
			}
			{VolumeView "piece05.ply"}
		}
		{bone "piece06"
			{parameters "id=body;"}
			{matrix34
				0.998 	 0.0629 	 0
				-0.0629 	 0.998 	 0
				0 	 0 	 1
				-1.3898 	 26.6705 	 6.9526
			}
			{VolumeView "piece06.ply"}
		}
		{bone "piece07"
			{parameters "id=body;"}
			{matrix34
				0.998 	 0.0629 	 0
				-0.0629 	 0.998 	 0
				0 	 0 	 1
				-1.9372 	 15.3774 	 3.4411
			}
			{VolumeView "piece07.ply"}
		}
		{bone "piece08"
			{parameters "id=body;"}
			{matrix34
				0.998 	 0.0629 	 0
				-0.0629 	 0.998 	 0
				0 	 0 	 1
				1.6828 	 -5.3422 	 10.0528
			}
			{VolumeView "piece08.ply"}
		}
		{bone "piece09"
			{parameters "id=body;"}
			{Position 5.2675 	 11.7588 	 7.6506}
			{VolumeView "piece09.ply"}
		}
		{bone "piece01"
			{parameters "id=body;"}
			{matrix34
				0.998 	 0.0629 	 0
				-0.0629 	 0.998 	 0
				0 	 0 	 1
				0.9695 	 7.3657 	 14.4509
			}
			{VolumeView "piece01.ply"}
		}
		{bone "piece02"
			{parameters "id=body;"}
			{matrix34
				0.998 	 0.0629 	 0
				-0.0629 	 0.998 	 0
				0 	 0 	 1
				3.4922 	 -25.0021 	 3.9037
			}
			{VolumeView "piece02.ply"}
		}
	}
}
{volume "piece01"
	{box 16.6709 4.37875 10.5512}
	{bone "piece01"}
	{matrix34
		-0.0511 	 -0.9987 	 0
		0 	 0 	 1
		-0.9987 	 0.0511 	 0
		0.9506 	 -0.9513 	 0.0951
	}
}
{volume "piece02"
	{box 21.9354 5.24276 12.4131}
	{bone "piece02"}
	{matrix34
		0.0647 	 -0.9979 	 0
		0 	 0 	 1
		-0.9979 	 -0.0647 	 0
		-0.5612 	 1.1438 	 -0.187
	}
}
{volume "piece03"
	{box 16.6709 4.37875 10.5512}
	{bone "piece03"}
	{matrix34
		-0.0511 	 -0.9987 	 0
		0 	 0 	 1
		-0.9987 	 0.0511 	 0
		0.329 	 0.4097 	 -0.5844
	}
}
{volume "piece04"
	{box 19.7419 5.19033 11.5442}
	{bone "piece04"}
	{matrix34
		-0.0511 	 -0.9987 	 0
		0 	 0 	 1
		-0.9987 	 0.0511 	 0
		0.2307 	 0.1733 	 0.0579
	}
}
{volume "piece05"
	{box 19.3032 5.24276 10.6753}
	{bone "piece05"}
	{matrix34
		0.0647 	 -0.9979 	 0
		0 	 0 	 1
		-0.9979 	 -0.0647 	 0
		0.2589 	 -0.445 	 -0.0952
	}
}
{volume "piece06"
	{box 16.6709 4.37875 10.5512}
	{bone "piece06"}
	{matrix34
		0.2113 	 -0.8533 	 0.4767
		-0.1415 	 0.4559 	 0.8787
		-0.9671 	 -0.2532 	 -0.0244
		0.5653 	 -0.2319 	 -0.2433
	}
}
{volume "piece07"
	{box 16.6709 4.68527 10.5512}
	{bone "piece07"}
	{matrix34
		0.9595 	 -0.2817 	 0
		0 	 0 	 1
		-0.2817 	 -0.9595 	 0
		0.7933 	 -0.1007 	 0.1167
	}
}
{volume "piece08"
	{box 16.6709 4.37875 10.5512}
	{bone "piece08"}
	{matrix34
		-0.0511 	 -0.9987 	 0
		0 	 0 	 1
		-0.9987 	 0.0511 	 0
		0.3313 	 0.1557 	 0.179
	}
}
{volume "piece09"
	{box 16.6709 4.37875 10.5512}
	{bone "piece09"}
	{matrix34
		0.0618 	 -0.9981 	 0
		0 	 0 	 1
		-0.9981 	 -0.0618 	 0
		-0.9023 	 0.2202 	 0.2157
	}
}
