;Exported by:	 Usuario
;Date:			 18.11.2015 12:05:20
;File:			 C:\Users\Usuario\Documents\3dsMax\autoback\hedgehog_recover.max
{skeleton
	{bone "hedgehog1"
		{orientation
			1 	 0 	 0
			0 	 -1 	 0
			0 	 0 	 1
		}
        {Position 0	 15	 0}
		
	}
    {bone "hedgehog2"
		{orientation
			1 	 0 	 0
			0 	 -1 	 0
			0 	 0 	 1
		}
        {Position 0	 35	 0}
		
	}
    {bone "hedgehog3"
		{orientation
			1 	 0 	 0
			0 	 -1 	 0
			0 	 0 	 1
		}
        {Position 0	 55	 0}
		
	}
    {bone "hedgehog4"
		{orientation
			1 	 0 	 0
			0 	 -1 	 0
			0 	 0 	 1
		}
        {Position 0	 75	 0}
		
	}
    {bone "hedgehog5"
		{orientation
			1 	 0 	 0
			0 	 -1 	 0
			0 	 0 	 1
		}
        {Position 0	 95	 0}
		
	}
    {bone "hedgehog6"
		{orientation
			1 	 0 	 0
			0 	 -1 	 0
			0 	 0 	 1
		}
        {Position 0	 115	 0}
		
	}
    {bone "hedgehog7"
		{orientation
			1 	 0 	 0
			0 	 -1 	 0
			0 	 0 	 1
		}
        {Position 0	 135	 0}
		
	}
    {bone "hedgehog8"
		{orientation
			1 	 0 	 0
			0 	 -1 	 0
			0 	 0 	 1
		}
        {Position 0	 155	 0}
		
	}
    {bone "hedgehog9"
		{orientation
			1 	 0 	 0
			0 	 -1 	 0
			0 	 0 	 1
		}
        {Position 0	 175	 0}
		
	}
    {bone "basis"
		{orientation
			1 	 0 	 0
			0 	 -1 	 0
			0 	 0 	 1
		}
		{bone "body"
			{parameters "id=body;"}
			{Position 8.2717 	 -9.1625 	 25.3384}
			{VolumeView "body.ply"}
		}
	}
}
{Obstacle "body1"
	{Obb2
		{Center -0.226326 0.272006}
		{Extent 2.58398 17.4712}
		{Axis 1 0}
	}
	{Rotate}
	{Tags "body"}
}
{Obstacle "body2"
	{Obb2
		{Center -3.8833 -0.919807}
		{Extent 17.521 2.76992}
		{Axis 0.874744 0.484585}
	}
	{Rotate}
	{Tags "body"}
}
{Obstacle "body3"
	{Obb2
		{Center 1.31584 1.481}
		{Extent 1.85244 17.8581}
		{Axis 0.515485 0.856898}
	}
	{Rotate}
	{Tags "body"}
}
{Volume "body1"
	{Box 5.16795 3.52411 40.1614}
	{Bone "body"}
	{matrix34
		1 	 0 	 0
		0 	 -0.5727 	 0.8198
		0 	 -0.8198 	 -0.5727
		-8.498 	 8.8904 	 -13.4569
	}
}
{Volume "body2"
	{Box 3.59903 4.29751 40.1614}
	{Bone "body"}
	{matrix34
		-0.6894 	 -0.118 	 0.7147
		-0.2055 	 -0.9142 	 -0.3492
		0.6946 	 -0.3877 	 0.606
		-12.155 	 10.0823 	 -13.282
	}
}
{Volume "body3"
	{Box 3.52741 4.84544 40.1614}
	{Bone "body"}
	{matrix34
		-0.5112 	 0.8595 	 0
		0.4922 	 0.2927 	 0.8198
		0.7046 	 0.4191 	 -0.5727
		-6.9559 	 7.6814 	 -13.3633
	}
}
