;Exported by:	 guita
;Date:			 21.05.2022 10:02:54
;File:			 D:\Git\3D_Scenes\GoH_3D_vehicles_rus\vehicles\cannon\bm37\82mm_bm37.max
{skeleton
	{animation
		{sequence "close" {speed 0.7} {events {1 "close"}}}
	}
	{bone revolute "basis"
        {orientation
			1 	 0 	 0
			0 	 -1 	 0
			0 	 0 	 1
		}
		{bone "emit2"
			{matrix34
				0.6374 	 -0.7705 	 0
				0.7705 	 0.6374 	 0
				0 	 0 	 1
				-7.3504 	 14.6354 	 0
			}
		}
		{bone "emit1"
			{matrix34
				0.6772 	 0.7358 	 0
				-0.7358 	 0.6772 	 0
				0 	 0 	 1
				-5.1056 	 -15.2061 	 0
			}
		}
		{bone "driver2"
			{Position -5.8186 	 0.0399 	 0}
		}
		{bone "visor2"
			{Position 2.925 	 -15.2061 	 21.0587}
		}
		{bone "driver1"
			{Position 19.6426 	 -7.8123 	 0}
		}
		{bone "body"
			{parameters "id=body;"}
			{Position -0.1908 	 -0.0255 	 0.6776}
			{VolumeView "body.ply"}
			{bone revolute "turret"
				{Position 0.4246 	 -0.046 	 1.0015}
				{bone "gun_rot"
					{parameters "id=body;"}
					{matrix34
						1 	 0 	 0
						0 	 0 	 1
						0 	 -1 	 0
						0 	 0.046 	 0
					}
					{VolumeView "gun_rot.ply"}
					{bone "grip"
						{parameters "id=body;"}
						{matrix34
							1 	 0 	 0
							0 	 0 	 -1
							0 	 1 	 0
							7.822 	 -1.6792 	 0
						}
						{VolumeView "grip.ply"}
					}
					{bone "gun"
						{orientation
							0.9951 	 0.0992 	 0
							0 	 0 	 -1
							-0.0992 	 0.9951 	 0
						}
						{bone revolute "foresight"
							{matrix34
								0.5834 	 0 	 0.8122
								-0.8122 	 0 	 0.5834
								0 	 -1 	 0
								14.9402 	 0 	 20.2339
							}
						}
					}
				}
				{bone "support3"
					{Position -1.4686 	 0.1454 	 -1.6792}
				}
				{bone "visor"
					{Position 11.2448 	 3.4765 	 20.1513}
				}
				{bone "handle1"
					{matrix34
						0.1029 	 0.9947 	 0.0054
						-0.9933 	 0.103 	 -0.0521
						-0.0523 	 0 	 0.9986
						-0.3319 	 5.2057 	 -1.4898
					}
				}
				{bone "handle2"
					{matrix34
						0.0383 	 -0.9993 	 0.002
						0.9979 	 0.0383 	 0.0523
						-0.0523 	 0 	 0.9986
						-0.2409 	 -4.6896 	 -1.4851
					}
				}
				{bone "bipod_base"
					{parameters "id=body;"}
					{Position 7.822 	 0.046 	 -1.6792}
					{VolumeView "bipod_base.ply"}
					{bone "stan_r"
						{parameters "id=body;"}
						{matrix34
							0.4848 	 0 	 -0.8746
							0 	 1 	 0
							0.8746 	 0 	 0.4848
							8.4453 	 0 	 9.7698
						}
						{VolumeView "stan_r.ply"}
						{bone "support2"
							{matrix34
								0.4848 	 0 	 0.8746
								0 	 1 	 0
								-0.8746 	 0 	 0.4848
								11.1458 	 -6.3901 	 -0.0443
							}
						}
					}
					{bone "stan_l"
						{parameters "id=body;"}
						{matrix34
							0.4848 	 0 	 -0.8746
							0 	 1 	 0
							0.8746 	 0 	 0.4848
							8.4453 	 0 	 9.7698
						}
						{VolumeView "stan_l.ply"}
						{bone "support1"
							{matrix34
								0.4848 	 0 	 0.8746
								0 	 1 	 0
								-0.8746 	 0 	 0.4848
								11.0794 	 6.2139 	 -0.1642
							}
						}
					}
					{bone "connector"
						{parameters "id=body;"}
						{Position 11.0591 	 -1.9032 	 5.1161}
						{VolumeView "connector.ply"}
					}
					{bone "washer"
						{parameters "id=body;"}
						{matrix34
							0.8746 	 0 	 0.4848
							0 	 1 	 0
							-0.4848 	 0 	 0.8746
							11.3743 	 -0.1377 	 4.544
						}
						{VolumeView "washer.ply"}
					}
				}
				{bone "commander"
					{matrix34
						0.5776 	 -0.8163 	 0
						0.8163 	 0.5776 	 0
						0 	 0 	 1
						2.9355 	 13.7723 	 -1.6792
					}
				}
				{bone "gunner"
					{matrix34
						0.9244 	 0.3814 	 0
						-0.3814 	 0.9244 	 0
						0 	 0 	 1
						2.6475 	 -13.5105 	 -1.6792
					}
				}
			}
		}
		{bone "sandbag"
			{Position 22.1842 	 0 	 0}
		}
	}
}
{obstacle "close"
	{obb2
		{center 11.1426 -0.123855}
		{extent 13.5409 3.92167}
		{axis 1 0}
	}
	{rotate}
	{Tags "close"}
}
{obstacle "open"
	{polygon2
		{radius 0}
		{vertex 22.1737 -7.02942}
		{vertex 22.1737 7.56678}
		{vertex -2.46316 3.19722}
		{vertex -2.37019 -2.65986}
	}
	{Tags "open"}
	{rotate}
}
{volume "body1"
	{cylinder 6.65049 2.09667}
	{bone "body"}
	{matrix34
		0.9498 	 0.309 	 -0.0498
		-0.3086 	 0.9511 	 0.0162
		0.0523 	 0 	 0.9986
		0.1123 	 0 	 -0.0932
	}
}
{volume "body2"
	{cylinder 0.75246 15.8573}
	{bone "bipod_base"}
	{matrix34
		0.8746 	 0 	 0.4848
		0 	 1 	 0
		-0.4848 	 0 	 0.8746
		8.3328 	 0 	 9.971
	}
}
{volume "body3"
	{cylinder 1.23619 24.6771}
	{bone "gun_rot"}
	{matrix34
		0.8671 	 -0.4982 	 0
		0 	 0 	 -1
		0.4982 	 0.8671 	 0
		6.7102 	 11.0147 	 0
	}
}
{volume "body4"
	{cylinder 0.511811 11.7323}
	{bone "stan_l"}
	{matrix34
		-0.4556 	 0.8565 	 -0.2426
		0.1065 	 -0.2181 	 -0.9701
		-0.8838 	 -0.4678 	 0.0082
		5.0588 	 3.8956 	 0.0808
	}
}
{volume "body5"
	{cylinder 0.511811 11.7323}
	{bone "stan_r"}
	{matrix34
		0.1863 	 0.3568 	 0.9154
		0.4211 	 0.8128 	 -0.4025
		-0.8877 	 0.4605 	 0.0012
		5.0311 	 -3.879 	 0.0505
	}
}
{volume "body6"
	{box 2.48563 1.4566 5.71931}
	{bone "grip"}
	{matrix34
		0.8746 	 0 	 -0.4848
		0.4848 	 0 	 0.8746
		0 	 -1 	 0
		3.6958 	 0.0184 	 16.9651
	}
}
{volume "select"
	{box 28.6225 15.2482 16.7323}
	{bone "basis"}
	{Position 9.5435 	 0 	 8.3661}
}
