;Exported by: Richtofen
;Date:        Wed Apr 19 14:44:38 2017
;File:        C:\Users\Richtofen\Desktop\b1sf\plugin.max
{Skeleton
	{animation
		{sequence "start"}
		{sequence "stop"}
		{sequence "fire"}
		{sequence "open" {resume}}
		{sequence "hit"}
	}
	{bone revolute "basis"
		{limits 0 0}
		{parameters "Wheelradius=0.4;"}
		{Orientation
			1	0	0
			0	-1	0
			0	0	1
		}
		{bone "emit2"
			{Matrix34
				0	1	0
				-1	0	0
				0	0	1
				13.4587	-40.5779	0
			}
			{visibility 0}
		}
		{bone "emit1"
			{Matrix34
				0	-1	0
				1	0	0
				0	0	1
				10.421	40.3888	0
			}
			{visibility 0}
		}
		{bone "body"
			{parameters "ID=body;"}
			{animation
				{sequence "repair" {file "body_r.anm"}}
			}
			{Position -0.810341	0.0583572	13.999}
			{VolumeView "body.ply"}
			{bone revolute "turret"
				{parameters "ID=body;"}
				{speed 0.01}
				{Position 31.3166	-0.0583541	30.0424}
				{VolumeView "turret.ply"}
				{bone revolute "gun_rot"
					{parameters "ID=gun;"}
					{limits -15 15}
					{speed 0.01}
					{Matrix34
						1	0	0
						0	0	-1
						0	1	0
						-3.05491	0	3.33113
					}
					{VolumeView "gun_rot.ply"}
					{bone "gun"
						{parameters "ID=gun;"}
						{Matrix34
							1	0	0
							0	0	1
							0	-1	0
							23.0665	-0.771351	-0.156799
						}
						{VolumeView "gun.ply"}
						{bone "fx_invers"
							{parameters "LastPose = undefined;"}
							{Matrix34
								-1	0	0
								0	-1	0
								0	0	1
								-47.1917	-0.434465	-1.18786
							}
						}
						;{VolumeView "gun2.ply"}
						{bone "foresight1"
							{Matrix34
								1	0	0
								0	0	1
								0	-1	0
								29.3602	0.198619	-0.914742
							}
						}
					}
					{bone "gun3"
						{parameters "ID=gun;"}
						{Matrix34
							1	0	0
							0	0	1
							0	-1	0
							17.8626	26.9012	-4.92251
						}
						;{VolumeView "gun3.ply"}
					}
				}
				{bone "visor1"
					{Position -4.52721	7.20039	15.3117}
				}
			}
			{bone "anten"
				{parameters "ID=body;"}
				{Position 1.35961	-10.6045	26.3906}
				{VolumeView "anten.ply"}
			}
			{bone revolute "wheell7"
				{parameters "ID=trackleft;"}
				{Matrix34
					1	0	0
					0	0	-1
					0	1	0
					-47.101	20.9144	0.700614
				}
				{VolumeView "wheell7.ply"}
			}
			{bone revolute "wheell1"
				{parameters "ID=trackleft;"}
				{Matrix34
					1	0	0
					0	0	-1
					0	1	0
					51.1719	19.3224	1.03522
				}
				{VolumeView "wheell1.ply"}
			}
			{bone revolute "wheelr7"
				{parameters "ID=trackright;"}
				{Matrix34
					-1	0	0
					0	0	1
					0	1	0
					-47.101	-21.0312	0.700614
				}
				{VolumeView "wheelr7.ply"}
			}
			{bone revolute "wheelr1"
				{parameters "ID=trackright;"}
				{Matrix34
					-1	0	0
					0	0	1
					0	1	0
					51.1719	-19.4391	1.03522
				}
				{VolumeView "wheelr1.ply"}
			}
			{bone "cover"
				{parameters "ID=body;"}
				{Matrix34
					-1	0	0
					0	1	0
					0	0	-1
					18.3125	-24.3302	5.17576
				}
				{VolumeView "cover.ply"}
			}
			{bone "enumerator"
				{Matrix34
					0.816249	-0.575956	-0.0448548
					-0.191839	-0.343474	0.919361
					-0.544918	-0.741822	-0.390851
					12.2691	-16.2355	26.7634
				}
				{VolumeView "enumerator.ply"}
			}
			{bone "fxsmoke2"
				{Matrix34
					-0.735677	0.0490609	0.675554
					-0.0199648	-0.998511	0.0507734
					0.677039	0.0238655	0.73556
					-59.3146	19.4189	17.6976
				}
			}
			{bone "fxsmoke1"
				{Matrix34
					-0.735677	0.0490609	0.675554
					-0.0199648	-0.998511	0.0507734
					0.677039	0.0238655	0.73556
					-59.3146	-19.4824	17.6976
				}
			}
			{bone "fxfire2"
				{Matrix34
					0	0	1
					0	-1	0
					1	0	0
					14.6904	-3.64232	11.382
				}
			}
			{bone "visor2"
				{Position 43.1864	8.57244	17.2579}
			}
			{bone "commander"
				{Matrix34
					0.999338	0	-0.0363878
					0	1	0
					0.0363878	0	0.999338
					19.2684	7.54957	13.1828
				}
			}
			{bone "charger"
				{Matrix34
					0.999338	0	-0.0363878
					0	1	0
					0.0363878	0	0.999338
					20.106	-6.91918	13.1828
				}
			}
			{bone "engine"
				{parameters "ID=engine;"}
				{animation
					{sequence "repair" {file "engine_r.anm"}}
				}
				{Position -32.2022	-0.0583572	19.3905}
				{VolumeView "engine.ply"}
			}
			{bone "cover_front"
				{parameters "ID=body;"}
				{Position 47.6056	-5.05183	6.25403}
				{VolumeView "cover_front.ply"}
			}
			{bone "fxfire1"
				{Matrix34
					0	0	1
					0	-1	0
					1	0	0
					-40.8944	-3.64232	11.382
				}
			}
			{bone "driver"
				{Matrix34
					0.999338	0	-0.0363878
					0	1	0
					0.0363878	0	0.999338
					32.8404	8.06704	-4.97036
				}
			}
		}
		{bone "wheelsl"
			{parameters "ID=trackleft;"}
			{Position 2.25135	19.3807	5.34436}
			{VolumeView "wheelsl.ply"}
			{bone "trackl"
				{parameters "ID=trackleft;"}
				{Position -1.13397	0.306091	10.3431}
				{VolumeView "trackl.ply"}
			}
			{bone "fxtracel2"
				{Matrix34
					-0.965926	0	0.258819
					0	-1	0
					0.258819	0	0.965926
					-40.8336	0.587107	-4.60116
				}
			}
			{bone "fxtracel1"
				{Matrix34
					-1	0	0
					0	-1	0
					0	0	1
					35.963	0.587122	-3.90319
				}
			}
		}
		{bone "wheelsr"
			{parameters "ID=trackright;"}
			{Position 1.36355	-19.3343	5.34725}
			{VolumeView "wheelsr.ply"}
			{bone "trackr"
				{parameters "ID=trackright;"}
				{Position -0.246172	-0.352505	10.3402}
				{VolumeView "trackr.ply"}
			}
			{bone "fxtracer2"
				{Matrix34
					-0.965926	0	0.258819
					0	-1	0
					0.258819	0	0.965926
					-39.9458	-0.672264	-4.04472
				}
			}
			{bone "fxtracer1"
				{Matrix34
					-1	0	0
					0	-1	0
					0	0	1
					36.8507	-0.54512	-3.34675
				}
			}
		}
	}
}
{Volume "body1"
	{Polyhedron "body1.vol"}
	{Bone "body"}
	{Matrix34
		1	0	0
		0	0	1
		0	-1	0
		-1.04951	-0.0104896	7.34281
	}
}
{Volume "body2"
	{Polyhedron "body2.vol"}
	{Bone "body"}
	{Matrix34
		0	1	0
		0	0	1
		1	0	0
		6.24706	-0.0583512	1.84076
	}
}
{Volume "crew"
	{Box 11.6162 21.6746 29.8726}
	{Bone "body"}
	{Position 18.092	-0.562515	12.3195}
}
{Volume "engine"
	{Box 18.2138 30.4884 13.8583}
	{Bone "body"}
	{Position -37.4769	-0.665962	5.40524}
}
{Volume "gun"
	{Cylinder 2.18715 59.0551}
	{Bone "gun"}
	{Matrix34
		0	1	0
		0	0	1
		1	0	0
		-1.90985	0.188435	-0.954084
	}
}
{Volume "inventory"
	{Box 14.6266 28.3106 15.6401}
	{Bone "body"}
	{Position 10.6368	-0.562523	9.43478}
}
{Volume "shieldl1"
	{Polyhedron "shieldl1.vol"}
	{Bone "body"}
	{Matrix34
		1	0	0
		0	0	1
		0	-1	0
		19.8375	-0.0586128	28.2192
	}
}
{Volume "trackleft"
	{Polyhedron "trackleft.vol"}
	{Bone "wheelsl"}
	{Position -1.49983	1.36897	-5.34437}
}
{Volume "trackright"
	{Polyhedron "trackright.vol"}
	{Bone "wheelsr"}
	{Position -0.246309	-0.35252	10.3402}
}
