;Exported by:	 Skylake
;Date:			 22.04.2019 01:57:36
;File:			 D:\3D Scenes\GoH_3D_vehicles_export\3d_vehicles\GERMANY\airborne\bf110_f2\BF-110_export2_xx.max
{skeleton
	{bone "basis"
		{parameters "steermax=15;"}
		{orientation
			1 	 0 	 0
			0 	 -1 	 0
			0 	 0 	 1
		}
		{bone "pivot_back"
			{Position -149.14 	 -0.0132 	 45.4032}
			{bone revolute "steer_back"
				{parameters "id=body;"}
				{Position -0.1572 	 -0.0115 	 0.2638}
				{VolumeView "steer_back.ply"}
				{bone revolute "wheelback"
					{parameters "id=body;radius=0.2;support;"}
					{matrix34
						1 	 0 	 0
						0 	 0 	 -1
						0 	 1 	 0
						-3.9758 	 0.0111 	 -5.9343
					}
					{VolumeView "wheelback.ply"}
				}
			}
		}
		{bone "pivot_front"
			{parameters "main;"}
			{Position 12.1497 	 -0.3666 	 0.2499}
			{bone "gear_r"
				{parameters "commonmesh;id=gear_r;"}
				{Position -7.6662 	 -47.5186 	 33.3094}
				{VolumeView "gear_r.ply"}
				{bone revolute "wheel_r"
					{parameters "id=wheelr;radius=0.45;"}
					{matrix34
						1 	 0 	 0
						0 	 -0.0487 	 -0.9988
						0 	 0.9988 	 -0.0487
						2.3448 	 -1.2766 	 -24.4938
					}
					{VolumeView "wheel_r.ply"}
				}
			}
			{bone "gear_l"
				{parameters "commonmesh;id=gear_l;"}
				{Position -7.6662 	 47.3167 	 33.3094}
				{VolumeView "gear_l.ply"}
				{bone revolute "wheel_l"
					{parameters "id=wheell;radius=0.45;"}
					{matrix34
						1 	 0 	 0
						0 	 0.0487 	 -0.9988
						0 	 0.9988 	 0.0487
						2.3448 	 1.865 	 -24.4938
					}
					{VolumeView "wheel_l.ply"}
				}
			}
		}
		{bone "body"
			{parameters "id=body;"}
			{Position -54.7464 	 1.5948 	 53.2438}
			{VolumeView "body.ply"}
			{bone revolute "elevator2"
				{parameters "id=body;"}
				{limits -30 30}
				{speed 0.1}
				{matrix34
					0.9869 	 0 	 0.1612
					-0.1612 	 0 	 0.9869
					0 	 -1 	 0
					-109.293 	 -22.7593 	 3.9465
				}
				{VolumeView "elevator2.ply"}
			}
			{bone revolute "rudder2"
				{parameters "id=body;"}
				{limits -20 20}
				{speed 0.1}
				{matrix34
					1 	 0 	 0
					0 	 0.9099 	 -0.4147
					0 	 0.4147 	 0.9099
					-109.332 	 -45.0968 	 7.8952
				}
				{VolumeView "rudder2.ply"}
			}
			{bone "supercharger_intake"
				{parameters "id=engine2;"}
				{matrix34
					0 	 1 	 0
					-1 	 0 	 0
					0 	 0 	 1
					25.3379 	 -127.915 	 -27.5126
				}
				{VolumeView "supercharger_intake.ply"}
			}
			{bone "cockpitback"
				{parameters "id=body;"}
				{matrix34
					0 	 1 	 0
					-1 	 0 	 0
					0 	 0 	 1
					37.3476 	 -10.0924 	 2.5507
				}
				{VolumeView "cockpitback.ply"}
			}
			{bone "cockpitr"
				{parameters "id=body;"}
				{matrix34
					0 	 1 	 0
					-1 	 0 	 0
					0 	 0 	 1
					70.3768 	 -9.8047 	 2.3916
				}
				{VolumeView "cockpitr.ply"}
			}
			{bone "cockpitl"
				{parameters "id=body;"}
				{matrix34
					0 	 1 	 0
					-1 	 0 	 0
					0 	 0 	 1
					70.9829 	 6.2601 	 2.3596
				}
				{VolumeView "cockpitl.ply"}
			}
			{bone "cockpit_top"
				{parameters "id=body;"}
				{matrix34
					0 	 1 	 0
					-1 	 0 	 0
					0 	 0 	 1
					61.3675 	 -1.6415 	 12.6628
				}
				{VolumeView "cockpit_top.ply"}
			}
			{bone socket "mg"
				{parameters "id=body;ikspeed2=80;"}
				{limits 40}
				{terminator}
				{matrix34
					0 	 1 	 0
					-0.5433 	 0 	 -0.8396
					-0.8396 	 0 	 0.5433
					20.5019 	 -1.5387 	 9.8215
				}
				{VolumeView "mg.ply"}
			}
			{bone "cannon"
				{parameters "id=body;"}
				{matrix34
					1 	 0 	 0
					0 	 0 	 1
					0 	 -1 	 0
					108.809 	 -3.4928 	 0.575
				}
				{VolumeView "cannon.ply"}
			}
			{bone "antenna"
				{parameters "id=body;"}
				{matrix34
					0.9056 	 -0.4001 	 -0.1405
					0.4222 	 0.8192 	 0.3883
					-0.0403 	 -0.4109 	 0.9108
					46.6373 	 -5.0367 	 19.1261
				}
				{VolumeView "antenna.ply"}
			}
			{bone revolute "rudder1"
				{parameters "id=body;"}
				{limits -20 20}
				{speed 0.1}
				{Position -109.332 	 41.3686 	 7.8952}
				{VolumeView "rudder1.ply"}
			}
			{bone revolute "elevator1"
				{parameters "id=body;"}
				{limits -30 30}
				{speed 0.1}
				{matrix34
					1 	 0 	 0
					0 	 0 	 1
					0 	 -1 	 0
					-109.293 	 19.4785 	 3.9465
				}
				{VolumeView "elevator1.ply"}
			}
			{bone "cockpit"
				{parameters "id=body;"}
				{Position 54.1995 	 -1.6413 	 7.5684}
				{VolumeView "cockpit.ply"}
			}
			{bone "wingl1"
				{parameters "id=wingleft;"}
				{VolumeView "wingl1.ply"}
				{bone "wingl2"
					{parameters "id=wingleft;"}
					{Position 37.4099 	 122.252 	 -6.5218}
					{VolumeView "wingl2.ply"}
					{bone revolute "aileron1"
						{parameters "id=wingleft;"}
						{limits -30 30}
						{speed 0.1}
						{matrix34
							0.9903 	 -0.1387 	 -0.0105
							0 	 -0.0758 	 0.9971
							-0.1391 	 -0.9874 	 -0.0751
							-8.7232 	 1.4052 	 0.533
						}
						{VolumeView "aileron1.ply"}
					}
				}
				{bone "engine1"
					{parameters "id=engine1;"}
					{VolumeView "engine1.ply"}
					{bone revolute "propeller1"
						{parameters "commonmesh;id=propeller1;"}
						{animation
							{sequence "break" {file "prop1_b.anm"}{speed 0.5}}
						}
						{matrix34
							0 	 1 	 0
							-1 	 0 	 0
							0 	 0 	 1
							98.0268 	 44.8635 	 -10.5574
						}
						{VolumeView "propeller1.ply"}
					}
					{bone "door_left2"
						{parameters "id=engine1;"}
						{matrix34
							-0.0802 	 -0.9967 	 0.01
							-0.9949 	 0.0794 	 -0.0619
							-0.0609 	 0.0149 	 0.998
							43.0355 	 37.8944 	 -20.7801
						}
						{VolumeView "door_left2.ply"}
					}
					{bone "door_left1"
						{parameters "id=engine1;"}
						{matrix34
							-0.0802 	 0.9967 	 0.01
							-0.9949 	 -0.0794 	 -0.0619
							-0.0609 	 -0.0149 	 0.998
							43.0355 	 52.3904 	 -20.7801
						}
						{VolumeView "door_left1.ply"}
					}
					{bone "exhausts1"
						{parameters "id=engine1;"}
						{matrix34
							-1 	 0 	 0
							0 	 0 	 1
							0 	 1 	 0
							78.6395 	 -1.4917 	 -12.8776
						}
						{VolumeView "exhausts1.ply"}
					}
				}
			}
			{bone "wingr1"
				{parameters "id=wingright;"}
				{VolumeView "wingr1.ply"}
				{bone "wingr2"
					{parameters "id=wingright;"}
					{Position 36.915 	 -125.895 	 -6.4496}
					{VolumeView "wingr2.ply"}
					{bone revolute "aileron2"
						{parameters "id=wingright;"}
						{limits -30 30}
						{speed 0.1}
						{matrix34
							0.9886 	 0.1507 	 0
							0.0098 	 -0.0644 	 -0.9979
							-0.1504 	 0.9865 	 -0.0651
							-8.2358 	 -0.7807 	 0.4585
						}
						{VolumeView "aileron2.ply"}
					}
				}
				{bone "engine2"
					{parameters "id=engine2;"}
					{VolumeView "engine2.ply"}
					{bone "exhausts2"
						{parameters "id=engine2;"}
						{matrix34
							-1 	 0 	 0
							0 	 0 	 1
							0 	 1 	 0
							78.6395 	 -1.4917 	 -12.8776
						}
						{VolumeView "exhausts2.ply"}
					}
					{bone "door_right2"
						{parameters "id=engine2;"}
						{matrix34
							-0.0802 	 -0.9967 	 0.01
							-0.9949 	 0.0794 	 -0.0619
							-0.0609 	 0.0149 	 0.998
							43.0355 	 -55.7662 	 -20.7801
						}
						{VolumeView "door_right2.ply"}
					}
					{bone "door_right1"
						{parameters "id=engine2;"}
						{matrix34
							-0.0802 	 0.9967 	 0.01
							-0.9949 	 -0.0794 	 -0.0619
							-0.0609 	 -0.0149 	 0.998
							43.0355 	 -41.2703 	 -20.7801
						}
						{VolumeView "door_right1.ply"}
					}
					{bone revolute "propeller2"
						{parameters "commonmesh;id=propeller2;"}
						{animation
							{sequence "break" {file "prop2_b.anm"}{speed 0.5}}
						}
						{matrix34
							0 	 0.993 	 -0.1179
							-1 	 0 	 0
							0 	 0.1179 	 0.993
							98.0268 	 -48.1138 	 -10.5574
						}
						{VolumeView "propeller2.ply"}
					}
				}
			}
		}
	}
}
{obstacle "rectangle1"
	{obb2
		{center -172.839 -0.21965}
		{extent 14.0452 43.2815}
		{axis 1 0}
	}
	{rotate}
	{rotate}
}
{obstacle "rectangle2"
	{obb2
		{center -67.0785 -0}
		{extent 92.3579 6.93105}
		{axis 1 0}
	}
	{rotate}
	{rotate}
}
{obstacle "rectangle3"
	{obb2
		{center -26.4077 -0}
		{extent 26.0105 126.008}
		{axis 1 0}
	}
	{rotate}
	{rotate}
}
{obstacle "rectangle4"
	{obb2
		{center 11.4874 -47.2849}
		{extent 12.1744 7.66768}
		{axis 1 0}
	}
	{rotate}
	{rotate}
}
{obstacle "rectangle5"
	{obb2
		{center 11.4874 46.2577}
		{extent 12.1744 7.66766}
		{axis 1 0}
	}
	{rotate}
	{rotate}
}
{volume "1blade1"
	{box 6.35309 19.9049 3.28608}
	{bone "propeller1"}
	{matrix34
		0.5341 	 0.0375 	 -0.8446
		0.7971 	 -0.3552 	 0.4883
		-0.2817 	 -0.9341 	 -0.2196
		-14.7333 	 6.3853 	 -9.9752
	}
}
{volume "1blade2"
	{box 6.35309 21.5917 3.28608}
	{bone "propeller1"}
	{matrix34
		1 	 0 	 0
		0 	 0.5063 	 0.8624
		0 	 -0.8624 	 0.5063
		-0.0343 	 7.2926 	 14.7718
	}
}
{volume "1blade3"
	{box 6.35309 26.6523 3.28608}
	{bone "propeller1"}
	{matrix34
		-0.3745 	 -0.2289 	 -0.8985
		0.8062 	 0.3984 	 -0.4375
		0.4581 	 -0.8882 	 0.0353
		14.344 	 6.4214 	 -8.1926
	}
}
{volume "2blade1"
	{box 6.35309 26.3149 3.28608}
	{bone "propeller2"}
	{matrix34
		-0.5335 	 0.0215 	 -0.8455
		0.7601 	 0.4506 	 -0.4681
		0.3709 	 -0.8925 	 -0.2567
		14.4721 	 7.9837 	 -8.778
	}
}
{volume "2blade2"
	{box 6.35309 29.0139 3.28608}
	{bone "propeller2"}
	{matrix34
		0.464 	 0 	 -0.8858
		0.812 	 -0.3996 	 0.4254
		-0.354 	 -0.9167 	 -0.1854
		-16.5747 	 7.7376 	 -10.044
	}
}
{volume "2blade3"
	{box 6.35309 27.327 3.28608}
	{bone "propeller2"}
	{matrix34
		-0.9983 	 -0.0509 	 -0.0273
		0.0489 	 -0.4943 	 -0.8679
		0.0306 	 -0.8678 	 0.496
		-1.6231 	 9.9573 	 18.4565
	}
}
{volume "aileron1"
	{box 8.38375 69.3895 2.17978}
	{bone "aileron1"}
	{matrix34
		0.9969 	 -0.0655 	 0.044
		0.0427 	 -0.022 	 -0.9988
		0.0664 	 0.9976 	 -0.0192
		-4.2947 	 0.8558 	 0.0232
	}
}
{volume "aileron2"
	{box 8.38375 69.3895 2.17978}
	{bone "aileron2"}
	{matrix34
		0.9965 	 -0.0808 	 0.0217
		-0.0228 	 -0.0126 	 0.9997
		-0.0805 	 -0.9967 	 -0.0144
		-4.5633 	 -0.9014 	 0.0057
	}
}
{volume "body1"
	{polyhedron "body1.vol"}
	{bone "body"}
	{matrix34
		1 	 0 	 0
		0 	 0 	 1
		0 	 -1 	 0
		0.0605 	 2.9274 	 -4.5332
	}
}
{volume "canopy"
	{polyhedron "canopy.vol"}
	{bone "cockpit"}
	{matrix34
		1 	 0 	 0
		0 	 0 	 1
		0 	 -1 	 0
		0.5301 	 4.5964 	 0.2043
	}
}
{volume "elevator1"
	{box 10.7449 36.1868 2.22308}
	{bone "elevator1"}
	{matrix34
		1 	 0 	 0
		0 	 0 	 -1
		0 	 1 	 0
		-5.0492 	 0.6999 	 -2.4348
	}
}
{volume "elevator2"
	{box 10.7449 36.1868 2.22308}
	{bone "elevator2"}
	{matrix34
		1 	 0 	 0
		0 	 0 	 -1
		0 	 1 	 0
		-5.0492 	 0.6999 	 3.0675
	}
}
{volume "engine1"
	{polyhedron "engine1.vol"}
	{bone "engine1"}
	{matrix34
		1 	 0 	 0
		0 	 0 	 1
		0 	 -1 	 0
		59.4542 	 52.6659 	 -11.2809
	}
}
{volume "engine2"
	{polyhedron "engine2.vol"}
	{bone "engine2"}
	{matrix34
		1 	 0 	 0
		0 	 0 	 1
		0 	 -1 	 0
		59.4542 	 -47.4316 	 -11.2809
	}
}
{volume "gear_l"
	{cylinder 1.58283 23.9286}
	{bone "gear_l"}
	{matrix34
		0.9952 	 -0.0049 	 0.0976
		0 	 0.9988 	 0.0499
		-0.0977 	 -0.0497 	 0.994
		0.9584 	 -4.3733 	 -13.9969
	}
}
{volume "gear_r"
	{cylinder 1.58283 23.9286}
	{bone "gear_r"}
	{matrix34
		0.9952 	 0 	 0.0977
		0 	 1 	 0
		-0.0977 	 0 	 0.9952
		0.9584 	 4.7678 	 -13.9821
	}
}
{volume "rudder1"
	{box 11.3082 34.2345 2.0138}
	{bone "rudder1"}
	{matrix34
		1 	 0 	 0
		0 	 0 	 1
		0 	 -1 	 0
		-4.855 	 0.3956 	 0.1617
	}
}
{volume "rudder2"
	{box 11.3082 34.2345 2.0138}
	{bone "rudder2"}
	{matrix34
		1 	 0 	 0
		0 	 0 	 1
		0 	 -1 	 0
		-4.855 	 0.051 	 0.1617
	}
}
{volume "stabilizer1"
	{box 17.8155 85.9335 2.44526}
	{bone "body"}
	{Position -99.7093 	 -1.6197 	 3.9762}
}
{volume "stabilizer2"
	{box 14.5613 32.8404 2.0138}
	{bone "body"}
	{matrix34
		1 	 0 	 0
		0 	 0.3033 	 0.9529
		0 	 -0.9529 	 0.3033
		-101.461 	 -44.8086 	 7.2323
	}
}
{volume "stabilizer3"
	{box 14.5613 32.8404 2.0138}
	{bone "body"}
	{matrix34
		1 	 0 	 0
		0 	 0 	 1
		0 	 -1 	 0
		-101.461 	 41.8438 	 6.9269
	}
}
{volume "wheelback"
	{cylinder 4.27755 2.5894}
	{bone "wheelback"}
	{matrix34
		-1 	 0 	 0
		0 	 -1 	 0
		0 	 0 	 1
		-0.017 	 -0.1093 	 0.2575
	}
}
{volume "wheell"
	{cylinder 9.26004 5.42938}
	{bone "wheel_l"}
	{matrix34
		-1 	 0 	 0
		0 	 -1 	 0.0027
		0 	 0.0027 	 1
		0.099 	 -0.0392 	 0.0587
	}
}
{volume "wheelr"
	{cylinder 9.26004 5.42938}
	{bone "wheel_r"}
	{matrix34
		-1 	 0 	 0
		0 	 -0.9995 	 0.0301
		0 	 0.0301 	 0.9995
		0.099 	 -0.0149 	 0.0194
	}
}
{volume "wingl1"
	{polyhedron "wingl1.vol"}
	{bone "wingl1"}
	{Position 33.2421 	 47.4212 	 -12.1315}
}
{volume "wingl2"
	{polyhedron "wingl2.vol"}
	{bone "wingl2"}
	{Position -0.8493 	 2.56 	 1.3618}
}
{volume "wingr1"
	{polyhedron "wingr1.vol"}
	{bone "wingr1"}
	{Position 33.242 	 -50.7495 	 -9.514}
}
{volume "wingr2"
	{polyhedron "wingr2.vol"}
	{bone "wingr2"}
	{Position -0.3545 	 -2.1795 	 1.2895}
}
