;Exported by:	 Alexey
;Date:			 07.02.2017 14:08:26
;File:			 I:\VTV_models\Models_For_WiW\-buildings\-FIELD_FORTIFICATION\trenches_bare_dirt_coop2012\-Fixed\trench_dirt_pit_v03.max
{skeleton
	{bone "trench"
		{parameters "commonmesh;land;align;"}
		{orientation
			1 	 0 	 0
			0 	 -1 	 0
			0 	 0 	 1
		}
		{VolumeView "trench.ply"
			{DecalTargetDynamic}
		}
		{bone "point8"
			{Position 43.1675 	 -13.0303 	 0.6684}
		}
		{bone "point7"
			{matrix34
				0.8299 	 0.558 	 0
				-0.558 	 0.8299 	 0
				0 	 0 	 1
				-1.8076 	 -29.9994 	 0.6684
			}
		}
		{bone "point6"
			{matrix34
				0.9869 	 -0.1613 	 0
				0.1613 	 0.9869 	 0
				0 	 0 	 1
				-44.6181 	 -44.8134 	 0.6684
			}
		}
		{bone "point5"
			{Position -74.4917 	 -23.5622 	 -4.6684}
		}
		{bone "point1"
			{matrix34
				0.84 	 0.5427 	 0
				-0.5427 	 0.84 	 0
				0 	 0 	 1
				-71.2047 	 35.7507 	 0.6684
			}
		}
		{bone "point2"
			{matrix34
				0.9951 	 -0.099 	 0
				0.099 	 0.9951 	 0
				0 	 0 	 1
				-41.5459 	 45.6042 	 0.6684
			}
		}
		{bone "point3"
			{matrix34
				0.7998 	 -0.6003 	 0
				0.6003 	 0.7998 	 0
				0 	 0 	 1
				2.4832 	 30.8124 	 0.6684
			}
		}
		{bone "point4"
			{matrix34
				0.9877 	 -0.1563 	 0
				0.1563 	 0.9877 	 0
				0 	 0 	 1
				39.0811 	 16.0451 	 0.6684
			}
		}
		{bone "point9"
			{matrix34
				0.2158 	 0.9764 	 0
				-0.9764 	 0.2158 	 0
				0 	 0 	 1
				-87.54 	 14.0033 	 -5.6684
			}
		}
        {bone "sub_piece4"
			{parameters "commonmesh;land;align;"}
            {Matrix34
			  -1 	 0 	 0
			0 	 -1 	 0
			0 	 0 	 1
56.9375 -2.1106 0.1314
			}
			{VolumeView "trenchexit.ply"}
		}
	}
}
{area "cut"
	{polygon2
		{radius 0}
		{vertex -12.1042 46.9284}
		{vertex -36.5241 52.516}
		{vertex -59.0387 52.2037}
		{vertex -92.4183 29.5389}
		{vertex -99.2711 -12.7512}
		{vertex -81.2796 -38.9737}
		{vertex -55.7366 -52.2127}
		{vertex -19.1051 -50.1142}
		{vertex 58.1607 -16.3504}
		{vertex 97.924 16.5545}
	}
	{rotate}
}
{obstacle "body10"
	{obb2
		{center -93.9191 -17.1585}
		{extent 7.65927 11.8303}
		{axis 0.951106 0.308866}
	}
	{rotate}
}
{obstacle "body1"
	{obb2
		{center -75.5335 -37.6478}
		{extent 5.24408 17.3824}
		{axis 0.629671 0.776862}
	}
	{rotate}
}
{obstacle "body2"
	{obb2
		{center -40.5442 -47.7388}
		{extent 24.93 5.22324}
		{axis 1 0}
	}
	{rotate}
}
{obstacle "body3"
	{obb2
		{center 3.90597 -31.9937}
		{extent 26.006 5.18959}
		{axis 0.81933 0.573323}
	}
	{rotate}
}
{obstacle "body4"
	{obb2
		{center 40.6756 -15.0607}
		{extent 17.1837 5.19276}
		{axis 0.998631 0.0523094}
	}
	{rotate}
}
{obstacle "body5"
	{obb2
		{center -80.531 32.3559}
		{extent 26.1917 6.68889}
		{axis 0.731613 0.68172}
	}
	{rotate}
}
{obstacle "body6"
	{obb2
		{center -45.0392 44.9396}
		{extent 17.0131 5.23936}
		{axis 0.997567 0.0697212}
	}
	{rotate}
}
{obstacle "body7"
	{obb2
		{center 9.82274 27.236}
		{extent 5.27007 21.7538}
		{axis 0.515485 0.856898}
	}
	{rotate}
}
{obstacle "body8"
	{obb2
		{center 43.243 14.257}
		{extent 5.16593 16.0371}
		{axis 0.0879049 0.996129}
	}
	{rotate}
}
{obstacle "body9"
	{obb2
		{center 4.17327 -46.3189}
		{extent 15.5013 5.25276}
		{axis 0.809204 0.587528}
	}
	{rotate}
}
{volume "body10"
	{box 22.9067 6.81045 33.342}
	{bone "point9"}
	{matrix34
		0.9946 	 -0.1018 	 -0.022
		0.0927 	 0.9616 	 -0.2584
		0.0475 	 0.2549 	 0.9658
		1.7043 	 6.9096 	 -9.5588
	}
}
{volume "body1"
	{box 34.7071 6.81045 24.9931}
	{bone "point1"}
	{matrix34
		0.9948 	 0.1017 	 0
		-0.1009 	 0.9874 	 -0.1218
		-0.0124 	 0.1212 	 0.9926
		-2.6065 	 3.9425 	 -11.2709
	}
}
{volume "body2"
	{box 49.8283 6.81045 24.9931}
	{bone "point2"}
	{matrix34
		0.9948 	 0.1021 	 0
		-0.1013 	 0.9874 	 -0.1218
		-0.0124 	 0.1212 	 0.9926
		0.5875 	 4.2134 	 -11.2709
	}
}
{volume "body3"
	{box 51.9947 6.81045 24.9931}
	{bone "point3"}
	{matrix34
		0.9995 	 0.0317 	 0
		-0.0314 	 0.9921 	 -0.1218
		-0.0039 	 0.1218 	 0.9926
		-1.3722 	 4.1982 	 -11.2709
	}
}
{volume "body4"
	{box 34.3394 6.81045 24.9931}
	{bone "point4"}
	{matrix34
		0.9948 	 0.1017 	 0
		-0.1009 	 0.9874 	 -0.1218
		-0.0124 	 0.1212 	 0.9926
		1.2599 	 2.24 	 -11.2709
	}
}
{volume "body5"
	{box 52.3486 9.60273 30.4427}
	{bone "point5"}
	{matrix34
		-0.7298 	 0.6836 	 0
		-0.6786 	 -0.7244 	 -0.1218
		-0.0833 	 -0.0889 	 0.9926
		-7.0393 	 -9.7936 	 -10.5515
	}
}
{volume "body6"
	{box 33.9699 6.81045 24.9931}
	{bone "point6"}
	{matrix34
		-0.9962 	 -0.0867 	 0
		0.086 	 -0.9888 	 -0.1218
		0.0106 	 -0.1214 	 0.9926
		0.0888 	 -3.1531 	 -11.2709
	}
}
{volume "body7"
	{box 43.4493 6.81045 24.9931}
	{bone "point7"}
	{matrix34
		-0.999 	 0.0446 	 0
		-0.0443 	 -0.9916 	 -0.1218
		-0.0054 	 -0.1217 	 0.9926
		8.4035 	 -8.3456 	 -11.2709
	}
}
{volume "body8"
	{box 32.0612 6.81045 24.9931}
	{bone "point8"}
	{matrix34
		-0.9962 	 -0.0867 	 0
		0.086 	 -0.9888 	 -0.1218
		0.0106 	 -0.1214 	 0.9926
		0.0755 	 -4.2267 	 -11.2709
	}
}
{volume "body9"
	{box 30.9389 10.313 6.2267}
	{bone "point3"}
	{matrix34
		1 	 0.0097 	 0
		-0.0097 	 1 	 0
		0 	 0 	 1
		-9.7582 	 15.8154 	 2.445
	}
}
