;Exported by: Normand
;Date:        Wed Jul 12 13:33:28 2017
;File:        C:\Users\Normand\sm79.max
{Skeleton
	{animation
		{sequence "open" {speed 0.2}}
		{sequence "wheels" {speed 0.3}}
		{sequence "engine_start" {speed 1}}
		{sequence "engine_work" {speed 1}}
		{sequence "engine_stop" {speed 1}}
	}
	{bone "basis"
		{parameters "SteerMax=45;"}
		{Orientation
			1	0	0
			0	-1	0
			0	0	1
		}
		{bone "body"
			{Position 5.79891	-0.121731	19.3034}
			{VolumeView "body.ply"}
			{bone "wingl0"
				{Position -13.2462	60.534	-10.2755}
				{VolumeView "wingl0.ply"}
				{bone "engine1"
					{Position 52.848	-12.4898	-6.33297}
					{VolumeView "engine1.ply"}
					{bone "propeller1_work"
						{parameters "CommonMesh;"}
						{Position 14.5379	-0.0161743	-0.0300932}
						{VolumeView "propeller1_work.ply"}
					}
					{bone "propeller1"
						{parameters "CommonMesh;"}
						{Position 10.7307	-0.0831299	-0.0243702}
						{VolumeView "propeller1.ply"}
					}
					{bone "fx_fire2_1"
						{Matrix34
							-1	0	0
							0	-1	0
							0	0	1
							-10.7862	4.92901	10.117
						}
					}
					{bone "fx_smoke2_1"
						{Matrix34
							-1	0	0
							0	-1	0
							0	0	1
							-10.6631	7.97093	8.21585
						}
					}
					{bone "fx_smoke2_2"
						{Matrix34
							-1	0	0
							0	-1	0
							0	0	1
							-10.6631	-7.16347	8.21585
						}
					}
				}
				{bone "coverl2"
					{Matrix34
						1	0	0
						0	0.258819	0.965926
						0	-0.965926	0.258819
						19.3054	-5.61478	-18.8715
					}
					{VolumeView "coverl2.ply"}
				}
				{bone "coverl1"
					{Matrix34
						1	0	0
						0	0.258819	-0.965926
						0	0.965926	0.258819
						19.2487	-19.0303	-18.8972
					}
					{VolumeView "coverl1.ply"}
				}
				{bone "fx_smoke2_3"
					{Matrix34
						-1	0	0
						0	-1	0
						0	0	1
						16.7738	48.0373	0.568001
					}
				}
			}
			{bone "torpedosupp"
				{Position 3.51351	14.2845	-23.7067}
				;{VolumeView "torpedosupp.ply"}
			}
			{bone "body_back"
				{Position -124.123	-4.97922e-005	5.63258}
				{VolumeView "body_back.ply"}
				{bone revolute "rudder"
					{Position -55.4329	0.0532572	10.6912}
					{VolumeView "rudder.ply"}
				}
				{bone revolute "elevator1"
					{Matrix34
						1	0	0
						0	0	1
						0	-1	0
						-44.338	29.9619	2.55045
					}
					{VolumeView "elevator1.ply"}
				}
				{bone revolute "elevator2"
					{Matrix34
						1	0	0
						0	0	1
						0	-1	0
						-44.3044	-29.9264	2.52627
					}
					{VolumeView "elevator2.ply"}
				}
				{bone "door"
					{Matrix34
						0.99981	0.0194926	0
						-0.0194926	0.99981	0
						0	0	1
						51.9065	13.2465	-22.4577
					}
					{VolumeView "door.ply"}
				}
				{bone "mgun_cover2"
					{Position 15.1667	2.77497	-23.4091}
					{VolumeView "mgun_cover2.ply"}
				}
				{bone "mgun_cover1"
					{Position 15.1667	-2.77489	-23.3598}
					{VolumeView "mgun_cover1.ply"}
				}
				{bone "glass2"
					{Position 42.8694	-0.162141	-22.1487}
					{VolumeView "glass2.ply"}
				}
				{bone "fx_fire4_1"
					{Matrix34
						-1	0	0
						0	-1	0
						0	0	1
						-19.231	-0.00474511	3.17897
					}
				}
				{bone "fx_smoke4_2"
					{Matrix34
						-0.999307	0.0372323	0
						-0.0372323	-0.999307	0
						0	0	1
						-26.1981	8.43394	3.80808
					}
				}
				{bone "fx_smoke4_1"
					{Matrix34
						-0.999565	-0.0295042	0
						0.0295042	-0.999565	0
						0	0	1
						-26.1981	-6.70046	3.80807
					}
				}
			}
			{bone "wingr0"
				{Position -13.2462	-60.5409	-10.2755}
				{VolumeView "wingr0.ply"}
				{bone "engine2"
					{Position 52.848	12.4967	-6.33299}
					{VolumeView "engine2.ply"}
					{bone "propeller2"
						{parameters "CommonMesh;"}
						{Position 10.7077	0.0863953	-0.0243464}
						{VolumeView "propeller2.ply"}
					}
					{bone "propeller2_work"
						{parameters "CommonMesh;"}
						{Position 14.5149	0.153343	-0.0300694}
						{VolumeView "propeller2_work.ply"}
					}
					{bone "fx_fire3_1"
						{Matrix34
							-1	0	0
							0	-1	0
							0	0	1
							-10.8167	-5.05511	10.117
						}
					}
					{bone "fx_smoke3_1"
						{Matrix34
							-1	0	0
							0	-1	0
							0	0	1
							-10.6631	-7.3437	8.21587
						}
					}
					{bone "fx_smoke3_2"
						{Matrix34
							-1	0	0
							0	-1	0
							0	0	1
							-10.6631	7.7907	8.21587
						}
					}
				}
				{bone "coverr1"
					{Matrix34
						1	0	0
						0	0.258819	0.965926
						0	-0.965926	0.258819
						19.3054	19.0294	-18.8642
					}
					{VolumeView "coverr1.ply"}
				}
				{bone "coverr2"
					{Matrix34
						1	0	0
						0	0.258819	-0.965926
						0	0.965926	0.258819
						19.3621	5.78362	-18.8661
					}
					{VolumeView "coverr2.ply"}
				}
				{bone "fx_smoke3_3"
					{Matrix34
						-1	0	0
						0	-1	0
						0	0	1
						16.4893	-48.3528	0.567991
					}
				}
			}
			{bone "engine"
				{Position 68.7427	0.0939002	-6.59416}
				{VolumeView "engine.ply"}
				{bone "propeller"
					{parameters "CommonMesh;"}
					{Position 10.6985	-0.0780048	-0.00387764}
					{VolumeView "propeller.ply"}
				}
				{bone "propeller_work"
					{parameters "CommonMesh;"}
					{Position 14.5057	-0.011056	-0.00960064}
					{VolumeView "propeller_work.ply"}
				}
				{bone "fx_fire1_1"
					{Matrix34
						-1	0	0
						0	-1	0
						0	0	1
						-10.5863	-0.0986942	9.65281
					}
				}
				{bone "fx_smoke1_1"
					{Matrix34
						-0.984705	0.174232	0
						-0.174232	-0.984705	0
						0	0	1
						-10.3384	7.57142	4.21178
					}
				}
				{bone "fx_smoke1_2"
					{Matrix34
						-0.989618	-0.14372	0
						0.14372	-0.989618	0
						0	0	1
						-10.3384	-7.56298	4.21178
					}
				}
			}
			{bone "glass1_2"
				{Position 21.0188	5.60533	16.1956}
				{VolumeView "glass1_2.ply"}
			}
			{bone "glass1_1"
				{Position 21.0188	-5.60534	16.1956}
				{VolumeView "glass1_1.ply"}
			}
			{bone "glass1"
				{Position 10.3844	0	11.4743}
				{VolumeView "glass1.ply"}
			}
			{bone "doorl"
				{Position -30.3777	0.661263	-20.3079}
				{VolumeView "doorl.ply"}
			}
			{bone "doorr"
				{Position -30.3666	-8.2302	-20.0969}
				{VolumeView "doorr.ply"}
			}
			{bone revolute "turret"
				{limits 0 0}
				{Position 9.08919	0.0594663	17.253}
				{bone revolute "12_7_01"
					{limits 0 0}
					{Matrix34
						1	0	0
						0	0	1
						0	-1	0
						-0.0084734	0.0244549	0.8223
					}
					{VolumeView "12_7_01.ply"}
					{bone "foresight1"
						{Matrix34
							1	0	0
							0	0	-1
							0	1	0
							16.4563	1.28002	0.0830307
						}
					}
				}
			}
			{bone revolute "mgun_turret"
				{limits -30 30}
				{Position -16.8516	-0.0073368	17.8232}
				{bone revolute "12_7_02"
					{limits -5 45}
					{Matrix34
						-1	0	0
						0	0	1
						0	1	0
						0.000610352	-0.0221388	0.263176
					}
					{VolumeView "12_7_02.ply"}
					{bone "foresight3"
						{Matrix34
							1	0	0
							0	0	-1
							0	1	0
							16.3295	1.27113	0.0303497
						}
					}
				}
			}
			{bone revolute "mgun2_turret"
				{limits -10 10}
				{Position -91.2997	-0.0278775	-19.7453}
				{bone revolute "12_7_03"
					{limits -30 20}
					{Matrix34
						-0.943974	0	-0.330019
						-0.330019	0	0.943974
						0	1	0
						0.484673	0.0807775	0.655767
					}
					{VolumeView "12_7_03.ply"}
					{bone "foresight4"
						{Matrix34
							0.999998	0.00199851	0
							0	0	-1
							-0.00199851	0.999998	0
							16.4228	1.34557	-0.0889907
						}
					}
				}
			}
			{bone "driver"
				{Matrix34
					0.965215	0	0.261459
					0	1	0
					-0.261459	0	0.965215
					23.6663	4.82722	-8.9989
				}
			}
			{bone "gunner2"
				{Matrix34
					-0.979632	0	-0.2008
					0	-1	0
					-0.2008	0	0.979632
					-73.0186	0.0686633	-19.3303
				}
			}
			{bone "gunner"
				{Matrix34
					-1	0	0
					0	-1	0
					0	0	1
					-3.76604	0.0669821	-9.47029
				}
			}
			{bone "seat01"
				{Matrix34
					-1	0	0
					0	-1	0
					0	0	1
					-3.76604	0.0669821	-9.47029
				}
			}
			{bone "seat02"
				{Matrix34
					-1	0	0
					0	-1	0
					0	0	1
					-3.76604	0.0669821	-9.47029
				}
			}
			{bone "seat03"
				{Matrix34
					-1	0	0
					0	-1	0
					0	0	1
					-3.76604	0.0669821	-9.47029
				}
			}
			{bone "seat04"
				{Matrix34
					-1	0	0
					0	-1	0
					0	0	1
					-3.76604	0.0669821	-9.47029
				}
			}
			{bone "seat05"
				{Matrix34
					-1	0	0
					0	-1	0
					0	0	1
					-3.76604	0.0669821	-9.47029
				}
			}
			{bone "seat06"
				{Matrix34
					-1	0	0
					0	-1	0
					0	0	1
					-3.76604	0.0669821	-9.47029
				}
			}
			{bone "seat07"
				{Matrix34
					-1	0	0
					0	-1	0
					0	0	1
					-3.76604	0.0669821	-9.47029
				}
			}
			{bone "seat08"
				{Matrix34
					-1	0	0
					0	-1	0
					0	0	1
					-3.76604	0.0669821	-9.47029
				}
			}
			{bone "seat09"
				{Matrix34
					-1	0	0
					0	-1	0
					0	0	1
					-3.76604	0.0669821	-9.47029
				}
			}
			{bone "seat10"
				{Matrix34
					-1	0	0
					0	-1	0
					0	0	1
					-3.76604	0.0669821	-9.47029
				}
			}
			{bone "seat11"
				{Matrix34
					-1	0	0
					0	-1	0
					0	0	1
					-3.76604	0.0669821	-9.47029
				}
			}
			{bone "seat12"
				{Matrix34
					-1	0	0
					0	-1	0
					0	0	1
					-3.76604	0.0669821	-9.47029
				}
			}
			{bone "commander"
				{Matrix34
					0.965215	0	0.261459
					0	1	0
					-0.261459	0	0.965215
					23.6663	-4.82946	-8.9989
				}
			}
		}
		{bone "pivot_front"
			{bone "wingl"
				{parameters "ID=wingLeft;"}
				{Position 12.422	148.727	8.95078}
				{VolumeView "wingl.ply"}
				{bone revolute "flap1"
					{Matrix34
						0.998785	0.0492777	0
						0	0	1
						0.0492777	-0.998785	0
						11.8023	-29.074	-0.966551
					}
					{VolumeView "flap1.ply"}
				}
				{bone revolute "aileron1"
					{parameters "ID=WingL1;"}
					{Matrix34
						0.996556	-0.08292	0
						0	0	1
						-0.08292	-0.996556	0
						-15.3363	-3.39272	-1.67404
					}
					{VolumeView "aileron1.ply"}
				}
				{bone revolute "aileron3"
					{Matrix34
						0.992734	-0.120334	0
						0	0	1
						-0.120334	-0.992734	0
						-22.3329	-65.8097	-4.67901
					}
					{VolumeView "aileron3.ply"}
				}
			}
			{bone "wingr"
				{parameters "ID=wingRight;"}
				{Position 12.422	-148.971	8.95081}
				{VolumeView "wingr.ply"}
				{bone revolute "aileron2"
					{parameters "ID=WingR1;"}
					{Matrix34
						0.988102	0.1538	0
						0	0	1
						0.1538	-0.988102	0
						-16.5891	2.45653	-1.68325
					}
					{VolumeView "aileron2.ply"}
				}
				{bone revolute "aileron4"
					{Matrix34
						0.994708	0.102742	0
						0	0	1
						0.102742	-0.994708	0
						-22.4826	65.4888	-4.66605
					}
					{VolumeView "aileron4.ply"}
				}
				{bone revolute "flap2"
					{Matrix34
						0.999274	-0.0381051	0
						0	0	1
						-0.0381051	-0.999274	0
						11.7781	28.9341	-0.966562
					}
					{VolumeView "flap2.ply"}
				}
			}
			{bone "react_wheelr"
				{Matrix34
					0.14191	0	0.98988
					0	1	0
					-0.98988	0	0.14191
					15.6996	-48.4604	-1.75021
				}
				{VolumeView "react_wheelr.ply"}
				{bone revolute "wheelr"
					{parameters "ID=retract_wheelR;Radius=0.5;support;"}
					{Matrix34
						1	0	0
						0	0	1
						0	-1	0
						-21.7835	0.293159	-4.19401
					}
					{VolumeView "wheelr.ply"}
				}
			}
			{bone "react_wheell"
				{Matrix34
					0.171764	0	0.985138
					0	1	0
					-0.985138	0	0.171764
					15.7124	47.9166	-1.7502
				}
				{VolumeView "react_wheell.ply"}
				{bone revolute "wheell"
					{parameters "ID=retract_wheelL;Radius=0.4;support;"}
					{Matrix34
						0.999543	0	0.0302254
						-0.0302254	0	0.999543
						0	-1	0
						-21.6582	0.123909	-4.86969
					}
					{VolumeView "wheell.ply"}
				}
			}
		}
		{bone "pivot_back"
			{Position -166.734	0	13.2022}
			{bone "gear_back"
				{Position -1.65457	-0.108435	-5.40834}
				{VolumeView "gear_back.ply"}
				{bone revolute "wheel_back"
					{parameters "Radius=0.25;"}
					{Matrix34
						1	0	0
						0	0	1
						0	-1	0
						-1.60175	0.0147087	-2.34479
					}
					{VolumeView "wheel_back.ply"}
				}
			}
		}
		{bone "emit1"
			{Matrix34
				0	-1	0
				1	0	0
				0	0	1
				-71.0993	42.2467	-19.0373
			}
		}
	}
}
{Obstacle "rectangle01"
	{Obb2
		{Center -50.5966 0.204143}
		{Extent 132.5 8.54701}
		{Axis 1 0}
	}
	{Rotate}
}
{Obstacle "rectangle02"
	{Obb2
		{Center 9.49381 0.0114136}
		{Extent 16 185.897}
		{Axis 1 0}
	}
	{Rotate}
}
{Volume "aileron1"
	{Box 8 74 4}
	{Bone "aileron1"}
	{Matrix34
		0.999132	-0.00736516	0.0409951
		0.0413588	0.0589736	-0.997403
		0.0049284	0.998232	0.0592271
		-4.67087	1.67261	0.432114
	}
}
{Volume "aileron2"
	{Box 8 74 4}
	{Bone "aileron2"}
	{Matrix34
		0.999511	-0.00736462	0.0303927
		0.0299065	-0.0589771	-0.997811
		0.00914097	0.998232	-0.0587279
		-3.29199	1.68181	-1.20307
	}
}
{Volume "body"
	{Polyhedron "body.vol"}
	{Bone "body"}
	{Position -51.7379	-0.122824	-19.3034}
}
{Volume "bodyback2"
	{Polyhedron "bodyback2.vol"}
	{Bone "body_back"}
	{Matrix34
		1	0	0
		0	0	1
		0	-1	0
		-34.4809	2.32536	17.2392
	}
}
{Volume "bodyback3"
	{Polyhedron "bodyback3.vol"}
	{Bone "body_back"}
	{Position -29.7286	-0.120355	-0.512955}
}
{Volume "bodyback"
	{Polyhedron "bodyback.vol"}
	{Bone "body_back"}
	{Position 72.3856	-0.122774	-24.9359}
}
{Volume "elevator1"
	{Box 10 47 1.60328}
	{Bone "elevator1"}
	{Matrix34
		1	0	0
		0	0	-1
		0	1	0
		-5.05234	-0.12526	-0.103394
	}
}
{Volume "elevator2"
	{Box 10 47 1.60328}
	{Bone "elevator2"}
	{Matrix34
		1	0	0
		0	0	-1
		0	1	0
		-5.09979	-0.101087	0.0226172
	}
}
{Volume "engine1"
	{Cylinder 13.6376 20}
	{Bone "engine1"}
	{Matrix34
		0	-1	0
		0	0	1
		-1	0	0
		-0.984657	-0.172804	0.14463
	}
}
{Volume "engine2"
	{Cylinder 13.6376 20}
	{Bone "engine2"}
	{Matrix34
		0	-1	0
		0	0	1
		-1	0	0
		-1.46892	0.316507	0.144654
	}
}
{Volume "engine"
	{Cylinder 13.6376 20}
	{Bone "engine"}
	{Matrix34
		0	-1	0
		0	0	1
		-1	0	0
		-0.809952	0.0525881	0.0144229
	}
}
{Volume "rudder"
	{Box 12.5 45 1.5}
	{Bone "rudder"}
	{Matrix34
		1	0	0
		0	0	1
		0	-1	0
		-6.42673	0.0636632	-2.74024
	}
}
{Volume "wheelback"
	{Cylinder 5.30874 3.6}
	{Bone "wheel_back"}
	{Position -0.0477905	0.00964191	0.0305644}
}
{Volume "wheell"
	{Cylinder 10.5 6}
	{Bone "wheell"}
	{Matrix34
		0.14191	-0.98988	0
		0.98988	0.14191	0
		0	0	1
		-0.0563089	-0.0815691	0.126881
	}
}
{Volume "wheelr"
	{Cylinder 10.5 6}
	{Bone "wheelr"}
	{Matrix34
		0.14191	-0.98988	0
		0.98988	0.14191	0
		0	0	1
		-0.0665094	-0.113116	0.0341263
	}
}
{Volume "wingl"
	{Polyhedron "wingl.vol"}
	{Bone "wingl"}
	{Position 0.466982	-0.649811	-1.11552}
}
{Volume "wingr"
	{Polyhedron "wingr.vol"}
	{Bone "wingr"}
	{Position 0.467003	-0.77417	-1.11554}
}
{Volume "wings0"
	{Polyhedron "wings0.vol"}
	{Bone "body"}
	{Position 4.88895	-0.900369	-19.3034}
}
