;Exported by:	 Carlos
;Date:			 06.08.2018 12:42:04
;File:			 T:\GoH_3D_environment_export\3d_environment\_military\fortifications\sandbags_new\smart_set\sandbag_framed.max
{skeleton
	{bone "basis"
		{orientation
			-1 	 0 	 0
			0 	 1 	 0
			0 	 0 	 1
		}
		{bone "piece13"
			{parameters "id=body;"}
			{Position -10.535 	 -14.9597 	 0}
			{VolumeView "piece13.ply"}
		}
		{bone "piece14"
			{parameters "id=body;"}
			{matrix34
				0 	 -1 	 0
				0 	 0 	 1
				-1 	 0 	 0
				-9.0417 	 2.0218 	 18.1307
			}
			{VolumeView "piece14.ply"}
		}
		{bone "piece15"
			{parameters "id=body;"}
			{matrix34
				0 	 1 	 0
				0 	 0 	 1
				1 	 0 	 0
				-10.0287 	 2.0218 	 12.5048
			}
			{VolumeView "piece15.ply"}
		}
		{bone "base"
			{parameters "id=body;"}
			{matrix34
				0.974 	 -0.2267 	 0
				0.2267 	 0.974 	 0
				0 	 0 	 1
				-0.7153 	 28.9937 	 2.1553
			}
			{VolumeView "base.ply"}
		}
		{bone "piece01"
			{parameters "id=body;"}
			{Position -4.9062 	 -20.9191 	 14.421}
			{VolumeView "piece01.ply"}
		}
		{bone "piece02"
			{parameters "id=body;"}
			{Position -0.7299 	 -0.1225 	 13.8996}
			{VolumeView "piece02.ply"}
		}
		{bone "piece03"
			{parameters "id=body;"}
			{Position 2.9664 	 27.913 	 16.3822}
			{VolumeView "piece03.ply"}
		}
		{bone "piece04"
			{parameters "id=body;"}
			{Position 2.5645 	 20.5506 	 9.7967}
			{VolumeView "piece04.ply"}
		}
		{bone "piece05"
			{parameters "id=body;"}
			{Position 0.7602 	 -8.2377 	 20.9544}
			{VolumeView "piece05.ply"}
		}
		{bone "piece06"
			{parameters "id=body;"}
			{Position -0.9738 	 27.2199 	 21.4641}
			{VolumeView "piece06.ply"}
		}
		{bone "piece07"
			{parameters "id=body;"}
			{Position -2.1655 	 17.0148 	 14.8037}
			{VolumeView "piece07.ply"}
		}
		{bone "piece08"
			{parameters "id=body;"}
			{Position -0.4453 	 -11.8586 	 25.3572}
			{VolumeView "piece08.ply"}
		}
		{bone "piec09"
			{parameters "id=body;"}
			{Position -1.761 	 -5.6952 	 6.1322}
			{VolumeView "piec09.ply"}
		}
		{bone "piece10"
			{parameters "id=body;"}
			{Position 1.8135 	 9.9167 	 19.6812}
			{VolumeView "piece10.ply"}
		}
		{bone "piece11"
			{parameters "id=body;"}
			{Position 0.2315 	 8.8361 	 25.8135}
			{VolumeView "piece11.ply"}
		}
		{bone "piece12"
			{parameters "id=body;"}
			{Position 0.7132 	 -23.6262 	 15.2663}
			{VolumeView "piece12.ply"}
		}
	}
}
{volume "piece01"
	{box 15.3372 5.64859 10.5512}
	{bone "piece01"}
	{matrix34
		-0.3998 	 -0.7644 	 -0.5057
		-0.2744 	 -0.4266 	 0.8618
		-0.8745 	 0.4834 	 -0.0392
		-0.0118 	 -0.6083 	 -0.9518
	}
}
{volume "piece02"
	{box 16.6709 4.37875 10.5512}
	{bone "piece02"}
	{matrix34
		-0.3526 	 -0.9323 	 -0.0802
		-0.0397 	 -0.0707 	 0.9967
		-0.9349 	 0.3546 	 -0.0121
		-0.1664 	 0.0764 	 -0.2555
	}
}
{volume "piece03"
	{box 16.6709 4.37875 10.5512}
	{bone "piece03"}
	{matrix34
		-0.0511 	 -0.9987 	 0
		0 	 0 	 1
		-0.9987 	 0.0511 	 0
		0.329 	 0.4097 	 -0.5844
	}
}
{volume "piece04"
	{box 19.7419 5.19033 11.5442}
	{bone "piece04"}
	{matrix34
		-0.0511 	 -0.9987 	 0
		0 	 0 	 1
		-0.9987 	 0.0511 	 0
		0.2307 	 0.1733 	 0.0579
	}
}
{volume "piece05"
	{box 19.3032 5.24276 10.6753}
	{bone "piece05"}
	{matrix34
		0.0647 	 -0.9979 	 0
		0 	 0 	 1
		-0.9979 	 -0.0647 	 0
		0.2589 	 -0.445 	 -0.0952
	}
}
{volume "piece06"
	{box 16.6709 4.37875 10.5512}
	{bone "piece06"}
	{matrix34
		0.2113 	 -0.8533 	 0.4767
		-0.1415 	 0.4559 	 0.8787
		-0.9671 	 -0.2532 	 -0.0244
		0.5653 	 -0.2319 	 -0.2433
	}
}
{volume "piece07"
	{box 16.6709 4.68527 10.5512}
	{bone "piece07"}
	{matrix34
		0.9595 	 -0.2817 	 0
		0 	 0 	 1
		-0.2817 	 -0.9595 	 0
		0.7933 	 -0.1007 	 0.1167
	}
}
{volume "piece08"
	{box 16.6709 4.37875 10.5512}
	{bone "piece08"}
	{matrix34
		-0.0511 	 -0.9987 	 0
		0 	 0 	 1
		-0.9987 	 0.0511 	 0
		0.3313 	 0.1557 	 0.179
	}
}
{volume "piece09"
	{box 19.7419 5.19033 11.5442}
	{bone "piec09"}
	{matrix34
		-0.3399 	 -0.9405 	 0
		0 	 0 	 1
		-0.9405 	 0.3399 	 0
		0.6928 	 -0.119 	 -0.0985
	}
}
{volume "piece11"
	{box 16.6709 4.37875 10.5512}
	{bone "piece11"}
	{matrix34
		-0.0511 	 -0.9987 	 0
		0 	 0 	 1
		-0.9987 	 0.0511 	 0
		0.9506 	 -0.9513 	 0.0951
	}
}
{volume "piece12"
	{box 21.9354 5.24276 12.4131}
	{bone "piece12"}
	{matrix34
		0.0647 	 -0.9979 	 0
		0 	 0 	 1
		-0.9979 	 -0.0647 	 0
		-0.5612 	 1.1438 	 -0.187
	}
}
{volume "piece13"
	{box 38.2952 10.6679 1.27226}
	{bone "piece13"}
	{matrix34
		0 	 -1 	 0
		0 	 0 	 1
		-1 	 0 	 0
		0.6536 	 15.2666 	 5.8937
	}
}
{volume "piece14"
	{box 42.5076 5.65401 1.27226}
	{bone "piece14"}
	{Position 0.015 	 0.0957 	 0.8397}
}
{volume "piece15"
	{box 40.2099 17.1754 1.27226}
	{bone "piece15"}
	{matrix34
		-1 	 0 	 0
		0 	 1 	 0
		0 	 0 	 -1
		0.6753 	 5.5108 	 0.1472
	}
}
{volume "piece_10"
	{box 16.6709 4.37875 10.5512}
	{bone "piece10"}
	{matrix34
		0.0618 	 -0.9981 	 0
		0 	 0 	 1
		-0.9981 	 -0.0618 	 0
		-0.9023 	 0.2202 	 0.2157
	}
}
