;Exported by:	 Carlos
;Date:			 05.01.2021 12:42:36
;File:			 T:\GoH_3D_environment_export\3d_landscape\cut_entity\trenches\trenches_reinforced_dirt\trench_engineer.max
{skeleton
	{bone "trench_engineer"
		{parameters "commonmesh;land;align;"}
		{orientation
			1 	 0 	 0
			0 	 -1 	 0
			0 	 0 	 1
		}
		{VolumeView "trench_engineer.ply"
			{DecalTargetDynamic}
		}
		{bone "point5"
			{matrix34
				0.1688 	 -0.9856 	 0
				0.9856 	 0.1688 	 0
				0 	 0 	 1
				-17.1246 	 18.2801 	 -3.8656
			}
		}
		{bone "point2"
			{matrix34
				0.1395 	 -0.9902 	 0
				0.9902 	 0.1395 	 0
				0 	 0 	 1
				11.6374 	 29.1721 	 -3.8656
			}
		}
		{bone "point4"
			{matrix34
				-0.2795 	 -0.9601 	 0
				0.9601 	 -0.2795 	 0
				0 	 0 	 1
				17.3687 	 -41.0001 	 -3.8656
			}
		}
		{bone "point8"
			{matrix34
				-0.1795 	 -0.9838 	 0
				0.9838 	 -0.1795 	 0
				0 	 0 	 1
				-15.4721 	 -30.8581 	 -3.8656
			}
		}
		{bone "point1"
			{matrix34
				-0.2153 	 0.9765 	 0
				-0.9765 	 -0.2153 	 0
				0 	 0 	 1
				-29.3365 	 65.7229 	 -1.4444
			}
		}
		{bone "point7"
			{matrix34
				0.1234 	 -0.9924 	 0
				0.9924 	 0.1234 	 0
				0 	 0 	 1
				5.3264 	 69.4568 	 -1.4444
			}
		}
		{bone "point3"
			{matrix34
				-0.1219 	 -0.9925 	 0
				0.9925 	 -0.1219 	 0
				0 	 0 	 1
				10.2483 	 -89.1159 	 -3.3705
			}
		}
		{bone "point6"
			{matrix34
				0.2224 	 0.975 	 0
				-0.975 	 0.2224 	 0
				0 	 0 	 1
				-24.8975 	 -74.8374 	 -1.4444
			}
		}
		{bone "point9"
			{matrix34
				0.057 	 -0.9984 	 0
				0.9984 	 0.057 	 0
				0 	 0 	 1
				19.8024 	 -7.0018 	 -3.8656
			}
		}
		{bone "fx_dirt05"
			{matrix34
				0.8258 	 0.564 	 0
				-0.564 	 0.8258 	 0
				0 	 0 	 1
				-16.5584 	 73.4492 	 -0.7552
			}
		}
		{bone "fx_dirt01"
			{matrix34
				0.7985 	 -0.602 	 0
				0.602 	 0.7985 	 0
				0 	 0 	 1
				-5.6588 	 37.5306 	 -0.7552
			}
		}
		{bone "fx_dirt02"
			{matrix34
				0.0742 	 0.9972 	 0
				-0.9972 	 0.0742 	 0
				0 	 0 	 1
				3.2154 	 -5.9324 	 -0.7552
			}
		}
		{bone "fx_dirt03"
			{matrix34
				0.5839 	 0.8118 	 0
				-0.8118 	 0.5839 	 0
				0 	 0 	 1
				-2.6335 	 -48.23 	 -0.7552
			}
		}
		{bone "fx_dirt04"
			{Position -8.2057 	 -89.7843 	 -0.7552}
		}
	}
}
{area "cut"
	{polygon2
		{radius 0}
		{vertex -37.4271 -99.7988}
		{vertex 10.7161 -107.543}
		{vertex 32.8357 7.20842}
		{vertex 10.8066 124.611}
		{vertex -32.8866 119.775}
	}
	{rotate}
}
{obstacle "body1"
	{obb2
		{center 12.601 90.7597}
		{extent 26.1502 1.50809}
		{axis 0.16142 -0.986886}
	}
	{rotate}
}
{obstacle "body2"
	{obb2
		{center 17.0988 -33.9787}
		{extent 22.9772 1.50809}
		{axis -0.228987 -0.973429}
	}
	{rotate}
}
{obstacle "body3"
	{obb2
		{center 22.5849 5.02032}
		{extent 22.9772 1.50809}
		{axis -0.0331321 -0.999451}
	}
	{rotate}
}
{obstacle "body4"
	{obb2
		{center 19.7829 43.6029}
		{extent 22.9772 1.5081}
		{axis 0.136257 -0.990674}
	}
	{rotate}
}
{obstacle "body5"
	{obb2
		{center -21.5733 -14.8172}
		{extent 22.9772 1.50809}
		{axis -0.212848 -0.977085}
	}
	{rotate}
}
{obstacle "body6"
	{obb2
		{center -31.6681 -64.5413}
		{extent 26.1502 1.5081}
		{axis 0.192371 0.981322}
	}
	{rotate}
}
{obstacle "body7"
	{obb2
		{center 9.41849 -76.8956}
		{extent 26.1502 1.50809}
		{axis -0.177617 -0.9841}
	}
	{rotate}
}
{obstacle "body8"
	{obb2
		{center -21.0199 28.3914}
		{extent 22.9772 1.50809}
		{axis 0.14583 -0.98931}
	}
	{rotate}
}
{obstacle "body9"
	{obb2
		{center -28.8412 80.1357}
		{extent 26.1502 1.5081}
		{axis -0.185573 0.98263}
	}
	{rotate}
}
{volume "body1"
	{box 4.93337 56.0847 21.6535}
	{bone "point1"}
	{matrix34
		0.0357 	 0.9957 	 -0.086
		-0.9994 	 0.0359 	 0
		0.0031 	 0.086 	 0.9963
		1.1726 	 2.9206 	 -5.5055
	}
}
{volume "body2"
	{polyhedron "body2.vol"}
	{bone "point2"}
	{matrix34
		0.9973 	 0.0729 	 -0.0122
		-0.0738 	 0.9921 	 -0.1017
		0.0047 	 0.1024 	 0.9947
		0.2336 	 4.2964 	 -20.4941
	}
}
{volume "body3"
	{box 4.93337 56.0847 21.6535}
	{bone "point3"}
	{matrix34
		0.0357 	 0.9957 	 -0.086
		-0.9994 	 0.0359 	 0
		0.0031 	 0.086 	 0.9963
		1.1725 	 2.9206 	 -5.5055
	}
}
{volume "body4"
	{polyhedron "body4.vol"}
	{bone "point4"}
	{matrix34
		0.9927 	 0.1201 	 -0.0106
		-0.1205 	 0.9875 	 -0.1019
		-0.0018 	 0.1024 	 0.9947
		1.6276 	 1.9861 	 -20.4251
	}
}
{volume "body5"
	{box 4.67372 46.3923 27.2355}
	{bone "point5"}
	{matrix34
		-0.0257 	 0.9984 	 0.0498
		-0.9997 	 -0.0259 	 0.0038
		0.0051 	 -0.0497 	 0.9988
		-0.1386 	 -5.6505 	 -8.2726
	}
}
{volume "body6"
	{box 4.93337 56.0847 21.6535}
	{bone "point6"}
	{matrix34
		0.0654 	 -0.9916 	 0.112
		0.9978 	 0.0658 	 0
		-0.0074 	 0.1117 	 0.9937
		-6.5618 	 3.5316 	 -7.507
	}
}
{volume "body7"
	{box 4.93337 56.0847 21.6535}
	{bone "point7"}
	{matrix34
		0.0654 	 -0.9916 	 0.112
		0.9978 	 0.0658 	 0
		-0.0074 	 0.1117 	 0.9937
		-6.5618 	 3.5316 	 -5.4776
	}
}
{volume "body8"
	{box 4.67372 46.3923 27.2355}
	{bone "point8"}
	{matrix34
		-0.0257 	 0.9984 	 0.0498
		-0.9997 	 -0.0259 	 0.0038
		0.0051 	 -0.0497 	 0.9988
		-0.1386 	 -5.6505 	 -8.2726
	}
}
{volume "body9"
	{polyhedron "body9.vol"}
	{bone "point9"}
	{matrix34
		0.9987 	 -0.0487 	 -0.0173
		0.0467 	 0.9937 	 -0.1017
		0.0221 	 0.1008 	 0.9947
		-1.211 	 1.5599 	 -20.4609
	}
}
