;Exported by:	 Alexey
;Date:			 25.02.2017 08:15:44
;File:			 I:\VTV_models\Models_For_WiW\-buildings\-FIELD_FORTIFICATION\trenches_bare_dirt_coop2012\-Fixed\trench_dirt_fire_position2_v03.max
{skeleton
	{bone "trench"
		{parameters "commonmesh;land;align;"}
		{orientation
			1 	 0 	 0
			0 	 -1 	 0
			0 	 0 	 1
		}
		{VolumeView "trench.ply"
			{DecalTargetDynamic}
		}
		{bone "point5"
			{matrix34
				0.9962 	 0.0872 	 0
				-0.0872 	 0.9962 	 0
				0 	 0 	 1
				13.6919 	 -11.6914 	 0.6684
			}
		}
		{bone "point1"
			{matrix34
				-0.5 	 0.866 	 0
				-0.866 	 -0.5 	 0
				0 	 0 	 1
				-7.5912 	 -13.5756 	 0.6684
			}
		}
		{bone "point2"
			{matrix34
				0 	 1 	 0
				-1 	 0 	 0
				0 	 0 	 1
				-15.3049 	 1.3837 	 0.6684
			}
		}
		{bone "point3"
			{matrix34
				0.5736 	 0.8192 	 0
				-0.8192 	 0.5736 	 0
				0 	 0 	 1
				-8.2454 	 13.6361 	 0.6684
			}
		}
		{bone "point4"
			{matrix34
				0.9848 	 -0.1736 	 0
				0.1736 	 0.9848 	 0
				0 	 0 	 1
				12.5709 	 12.8844 	 0.6684
			}
		}
        {bone "sub_piece4"
			{parameters "commonmesh;land;align;"}
            {Matrix34
			  -1 	 0 	 0
			0 	 -1 	 0
			0 	 0 	 1
0 -2.1106 0.1314
			}
			{VolumeView "trenchexit.ply"}
		}
	}
}
{area "cut"
	{polygon2
		{radius 0}
		{vertex 28.7753 17.0568}
		{vertex -4.50302 17.0568}
		{vertex -21.16 12.8109}
		{vertex -24.4261 -0.416762}
		{vertex -19.8536 -13.6444}
		{vertex -3.19659 -18.3632}
		{vertex 28.811 -18.3632}
	}
	{rotate}
}
{obstacle "body1"
	{obb2
		{center -10.9735 14.8174}
		{extent 13.1886 2.20521}
		{axis 0.906401 0.422418}
	}
	{rotate}
}
{obstacle "body2"
	{obb2
		{center -20.0657 -0.269835}
		{extent 11.202 2.0582}
		{axis 0.0182398 0.999834}
	}
	{rotate}
}
{obstacle "body3"
	{obb2
		{center -10.3262 -15.1415}
		{extent 2.00779 13.0156}
		{axis 0.454487 0.890753}
	}
	{rotate}
}
{obstacle "body4"
	{obb2
		{center 13.8843 -16.173}
		{extent 17.5343 2.29781}
		{axis 1 0}
	}
	{rotate}
}
{obstacle "body5"
	{obb2
		{center 14.3841 16.6012}
		{extent 17.5063 2.20103}
		{axis 1 0}
	}
	{rotate}
}
{volume "body1"
	{box 26.3312 6.81045 24.9961}
	{bone "point1"}
	{matrix34
		0.8164 	 0.5774 	 0
		-0.5731 	 0.8104 	 -0.1218
		-0.0703 	 0.0995 	 0.9926
		0.6158 	 3.5501 	 -11.2262
	}
}
{volume "body2"
	{box 22.3722 6.81045 25.4429}
	{bone "point2"}
	{matrix34
		0.9999 	 0.015 	 0
		-0.0149 	 0.9924 	 -0.1218
		-0.0018 	 0.1218 	 0.9926
		-1.1139 	 4.7608 	 -9.1816
	}
}
{volume "body3"
	{box 25.9839 6.81045 25.7017}
	{bone "point3"}
	{matrix34
		0.8855 	 -0.4647 	 0
		0.4613 	 0.8789 	 -0.1218
		0.0566 	 0.1079 	 0.9926
		0.0397 	 2.568 	 -10.1797
	}
}
{volume "body4"
	{box 34.9803 6.81045 24.9931}
	{bone "point4"}
	{matrix34
		0.9863 	 0.1651 	 0
		-0.1638 	 0.9789 	 -0.1218
		-0.0201 	 0.1201 	 0.9926
		0.7224 	 3.4667 	 -11.2709
	}
}
{volume "body5"
	{box 34.9803 6.81045 24.9961}
	{bone "point5"}
	{matrix34
		-0.9959 	 0.0903 	 0
		-0.0896 	 -0.9885 	 -0.1218
		-0.011 	 -0.1213 	 0.9926
		0.2617 	 -4.9514 	 -11.2783
	}
}
