;Exported by:	 Skylake
;Date:			 21.04.2019 20:05:37
;File:			 D:\3D Scenes\GoH_3D_vehicles_export\3d_vehicles\GERMANY\airborne\bf110_f2\BF-110_export2_x.max
{skeleton
	{bone "basis"
		{parameters "steermax=15;"}
		{orientation
			1 	 0 	 0
			0 	 -1 	 0
			0 	 0 	 1
		}
		{bone "pivot_back"
			{Position -149.14 	 -0.0132 	 45.4032}
			{bone revolute "steer_back"
				{parameters "id=body;"}
				{Position -0.1572 	 -0.0115 	 0.2638}
				{VolumeView "steer_back.ply"}
				{bone revolute "wheelback"
					{parameters "id=body;radius=0.2;support;"}
					{matrix34
						1 	 0 	 0
						0 	 0 	 -1
						0 	 1 	 0
						-3.9758 	 0.0111 	 -5.9343
					}
					{VolumeView "wheelback.ply"}
				}
			}
		}
		{bone "pivot_front"
			{parameters "main;"}
			{Position 12.1497 	 -0.3666 	 0.2499}
			{bone "gear_r"
				{parameters "commonmesh;id=gear_r;"}
				{Position -7.6662 	 -47.5186 	 33.3094}
				{VolumeView "gear_r.ply"}
				{bone revolute "wheel_r"
					{parameters "id=wheelr;radius=0.45;"}
					{matrix34
						1 	 0 	 0
						0 	 -0.0487 	 -0.9988
						0 	 0.9988 	 -0.0487
						2.3448 	 -1.2766 	 -24.4938
					}
					{VolumeView "wheel_r.ply"}
				}
			}
			{bone "gear_l"
				{parameters "commonmesh;id=gear_l;"}
				{Position -7.6662 	 47.3167 	 33.3094}
				{VolumeView "gear_l.ply"}
				{bone revolute "wheel_l"
					{parameters "id=wheell;radius=0.45;"}
					{matrix34
						1 	 0 	 0
						0 	 0.0487 	 -0.9988
						0 	 0.9988 	 0.0487
						2.3448 	 1.865 	 -24.4938
					}
					{VolumeView "wheel_l.ply"}
				}
			}
		}
		{bone "body"
			{parameters "id=body;"}
			{Position -54.7464 	 1.5948 	 53.2438}
			{VolumeView "body.ply"}
			{bone revolute "elevator2"
				{parameters "id=body;"}
				{limits -30 30}
				{speed 0.1}
				{matrix34
					1 	 0 	 0
					0 	 0 	 1
					0 	 -1 	 0
					-109.293 	 -22.7593 	 3.9465
				}
				{VolumeView "elevator2.ply"}
			}
			{bone revolute "rudder2"
				{parameters "id=body;"}
				{limits -20 20}
				{speed 0.1}
				{Position -109.332 	 -45.0968 	 7.8952}
				{VolumeView "rudder2.ply"}
			}
			{bone "cockpitback"
				{parameters "id=body;"}
				{matrix34
					0 	 1 	 0
					-1 	 0 	 0
					0 	 0 	 1
					37.3476 	 -10.0924 	 2.5507
				}
				{VolumeView "cockpitback.ply"}
			}
			{bone "cockpitr"
				{parameters "id=body;"}
				{matrix34
					0 	 1 	 0
					-1 	 0 	 0
					0 	 0 	 1
					70.3768 	 -9.8047 	 2.3916
				}
				{VolumeView "cockpitr.ply"}
			}
			{bone "cockpitl"
				{parameters "id=body;"}
				{matrix34
					0 	 1 	 0
					-1 	 0 	 0
					0 	 0 	 1
					70.9829 	 6.2601 	 2.3596
				}
				{VolumeView "cockpitl.ply"}
			}
			{bone "cockpit_top"
				{parameters "id=body;"}
				{matrix34
					0 	 1 	 0
					-1 	 0 	 0
					0 	 0 	 1
					61.3675 	 -1.6415 	 12.6628
				}
				{VolumeView "cockpit_top.ply"}
			}
			{bone socket "mg"
				{parameters "id=body;ikspeed2=80;"}
				{limits 40}
				{terminator}
				{matrix34
					0 	 1 	 0
					-0.5433 	 0 	 -0.8396
					-0.8396 	 0 	 0.5433
					20.5019 	 -1.5387 	 9.8215
				}
				{VolumeView "mg.ply"}
			}
			{bone "cannon"
				{parameters "id=body;"}
				{matrix34
					1 	 0 	 0
					0 	 0 	 1
					0 	 -1 	 0
					108.809 	 -3.4928 	 0.575
				}
				{VolumeView "cannon.ply"}
			}
			{bone "antenna"
				{parameters "id=body;"}
				{Position 46.6373 	 -1.6669 	 20.0226}
				{VolumeView "antenna.ply"}
			}
			{bone revolute "rudder1"
				{parameters "id=body;"}
				{limits -20 20}
				{speed 0.1}
				{Position -109.332 	 41.3686 	 7.8952}
				{VolumeView "rudder1.ply"}
			}
			{bone revolute "elevator1"
				{parameters "id=body;"}
				{limits -30 30}
				{speed 0.1}
				{matrix34
					1 	 0 	 0
					0 	 0 	 1
					0 	 -1 	 0
					-109.293 	 19.4785 	 3.9465
				}
				{VolumeView "elevator1.ply"}
			}
			{bone "cockpit"
				{parameters "id=body;"}
				{Position 54.1995 	 -1.6413 	 7.5684}
				{VolumeView "cockpit.ply"}
			}
			{bone "wingl1"
				{parameters "id=body;"}
				{VolumeView "wingl1.ply"}
				{bone "wingl2"
					{parameters "id=wingleft;"}
					{Position 37.4099 	 122.252 	 -6.5218}
					{VolumeView "wingl2.ply"}
					{bone revolute "aileron1"
						{parameters "id=wingleft;"}
						{limits -30 30}
						{speed 0.1}
						{matrix34
							0.9903 	 -0.1387 	 -0.0105
							0 	 -0.0758 	 0.9971
							-0.1391 	 -0.9874 	 -0.0751
							-8.7232 	 1.4052 	 0.533
						}
						{VolumeView "aileron1.ply"}
					}
				}
				{bone "engine1"
					{parameters "id=engine1;"}
					{VolumeView "engine1.ply"}
					{bone revolute "propeller1"
						{parameters "commonmesh;id=propeller1;"}
						{matrix34
							0 	 1 	 0
							-1 	 0 	 0
							0 	 0 	 1
							98.0268 	 44.8635 	 -10.5574
						}
						{VolumeView "propeller1.ply"}
					}
					{bone "exhausts1"
						{parameters "id=engine1;"}
						{matrix34
							-1 	 0 	 0
							0 	 0 	 1
							0 	 1 	 0
							78.6395 	 -1.4917 	 -12.8776
						}
						{VolumeView "exhausts1.ply"}
					}
					{bone "door_left2"
						{parameters "id=engine1;"}
						{matrix34
							-0.0802 	 -0.9967 	 0.01
							-0.9949 	 0.0794 	 -0.0619
							-0.0609 	 0.0149 	 0.998
							43.0355 	 37.8944 	 -20.7801
						}
						{VolumeView "door_left2.ply"}
					}
					{bone "door_left1"
						{parameters "id=engine1;"}
						{matrix34
							-0.0802 	 0.9967 	 0.01
							-0.9949 	 -0.0794 	 -0.0619
							-0.0609 	 -0.0149 	 0.998
							43.0355 	 52.3904 	 -20.7801
						}
						{VolumeView "door_left1.ply"}
					}
				}
			}
			{bone "wingr1"
				{parameters "id=body;"}
				{VolumeView "wingr1.ply"}
				{bone "wingr2"
					{parameters "id=wingright;"}
					{Position 36.915 	 -125.895 	 -6.4496}
					{VolumeView "wingr2.ply"}
					{bone revolute "aileron2"
						{parameters "id=wingright;"}
						{limits -30 30}
						{speed 0.1}
						{matrix34
							0.9886 	 0.1507 	 0
							0.0098 	 -0.0644 	 -0.9979
							-0.1504 	 0.9865 	 -0.0651
							-8.2358 	 -0.7807 	 0.4585
						}
						{VolumeView "aileron2.ply"}
					}
				}
				{bone "supercharger_intake"
					{parameters "id=engine2;"}
					{matrix34
						0 	 1 	 0
						-1 	 0 	 0
						0 	 0 	 1
						25.3379 	 -127.915 	 -27.5126
					}
					{VolumeView "supercharger_intake.ply"}
				}
				{bone "engine2"
					{parameters "id=engine2;"}
					{VolumeView "engine2.ply"}
					{bone revolute "propeller2"
						{parameters "commonmesh;id=propeller2;"}
						{matrix34
							0 	 0.464 	 0.8858
							-1 	 0 	 0
							0 	 -0.8858 	 0.464
							98.0268 	 -48.1138 	 -10.5574
						}
						{VolumeView "propeller2.ply"}
					}
					{bone "exhausts2"
						{parameters "id=engine2;"}
						{matrix34
							-1 	 0 	 0
							0 	 0 	 1
							0 	 1 	 0
							78.6395 	 -1.4917 	 -12.8776
						}
						{VolumeView "exhausts2.ply"}
					}
					{bone "door_right2"
						{parameters "id=engine2;"}
						{matrix34
							-0.0802 	 -0.9967 	 0.01
							-0.9949 	 0.0794 	 -0.0619
							-0.0609 	 0.0149 	 0.998
							43.0355 	 -55.7662 	 -20.7801
						}
						{VolumeView "door_right2.ply"}
					}
					{bone "door_right1"
						{parameters "id=engine2;"}
						{matrix34
							-0.0802 	 0.9967 	 0.01
							-0.9949 	 -0.0794 	 -0.0619
							-0.0609 	 -0.0149 	 0.998
							43.0355 	 -41.2703 	 -20.7801
						}
						{VolumeView "door_right1.ply"}
					}
				}
			}
		}
	}
}
